1618603285061 0.125 0
1618603285439 0.25 1
1618603285787 0.25 2
1618603286137 0.25 3
1618603286484 0.25 4
1618603286825 0.1875 5
1618603287139 0.5625 6
1618603287480 0.5 7
1618603287836 0.5625 8
1618603291105 0.0 0
1618603291427 0.1875 1
1618603291756 0.3125 2
1618603292085 0.25 3
1618603292422 0.3125 4
1618603292739 0.375 5
1618603293063 0.1875 6
1618603293408 0.375 7
1618603293735 0.1875 8
1618603294056 0.1875 9
1618603296981 0.1875 0
1618603297311 0.375 1
1618603297640 0.1875 2
1618603297972 0.25 3
1618603298301 0.25 4
1618603298620 0.5 5
1618603298946 0.25 6
1618603299270 0.3125 7
1618603299590 0.5 8
1618603299939 0.375 9
1618603302872 0.0625 0
1618603303193 0.375 1
1618603303522 0.375 2
1618603303865 0.3125 3
1618603304185 0.375 4
1618603304517 0.375 5
1618603304837 0.625 6
1618603305175 0.3125 7
1618603305510 0.3125 8
1618603308554 0.125 0
1618603308898 0.1875 1
1618603309296 0.4375 2
1618603309721 0.1875 3
1618603310118 0.3125 4
1618603310529 0.25 5
1618603310917 0.25 6
1618603311305 0.375 7
1618603311674 0.375 8
1618603312063 0.3125 9
1618603337583 0.125 0
1618603337971 0.3125 1
1618603338357 0.375 2
1618603338723 0.1875 3
1618603339071 0.3125 4
1618603339431 0.375 5
1618603339802 0.375 6
1618603340149 0.4375 7
1618603340507 0.375 8
1618603340873 0.3125 9
1618603344005 0.0625 0
1618603344368 0.3125 1
1618603344752 0.3125 2
1618603345104 0.3125 3
1618603345458 0.3125 4
1618603345823 0.3125 5
1618603346175 0.4375 6
1618603346540 0.4375 7
1618603346900 0.3125 8
1618603347229 0.3125 9
1618603350423 0.1875 0
1618603350792 0.3125 1
1618603351144 0.3125 2
1618603351505 0.1875 3
1618603351875 0.1875 4
1618603352227 0.25 5
1618603352579 0.3125 6
1618603352945 0.25 7
1618603353291 0.5 8
1618603353648 0.3125 9
1618603356738 0.3125 0
1618603357096 0.3125 1
1618603357439 0.25 2
1618603357811 0.3125 3
1618603358166 0.375 4
1618603358543 0.375 5
1618603358976 0.375 6
1618603359420 0.375 7
1618603359895 0.3125 8
1618603360339 0.3125 9
1618603363691 0.125 0
1618603364113 0.3125 1
1618603364568 0.25 2
1618603365056 0.5625 3
1618603365503 0.25 4
1618603365958 0.5 5
1618603366367 0.4375 6
1618603366802 0.875 7
1618603367220 0.5625 8
1618603367645 0.4375 9
1618603371429 0.125 0
1618603372063 0.5 1
1618603372344 0.3125 2
1618603372661 0.5 3
1618603373017 0.875 4
1618603373340 0.8125 5
1618603373668 0.8125 6
1618603374012 0.9375 7
1618603374338 1.0 8
1618603374689 1.0 9
1618603377196 0.0 0
1618603377505 0.375 1
1618603377874 0.5 2
1618603378227 0.5625 3
1618603378571 0.6875 4
1618603378928 0.875 5
1618603379280 1.0 6
1618603379640 1.0 7
1618603380019 1.0 8
1618603380381 1.0 9
1618603382837 0.0625 0
1618603383138 0.3125 1
1618603383462 0.625 2
1618603383823 0.625 3
1618603384170 0.375 4
1618603384519 0.8125 5
1618603384872 0.8125 6
1618603385219 0.875 7
1618603385568 1.0 8
1618603385925 1.0 9
1618603388264 0.1875 0
1618603388544 0.1875 1
1618603388846 0.3125 2
1618603389162 0.4375 3
1618603389501 0.5625 4
1618603389830 0.625 5
1618603390149 0.75 6
1618603390479 0.8125 7
1618603390803 0.9375 8
1618603391125 1.0 9
1618603393441 0.25 0
1618603393722 0.25 1
1618603394040 0.25 2
1618603394344 0.625 3
1618603394660 0.3125 4
1618603395029 0.5 5
1618603395343 0.6875 6
1618603395681 0.6875 7
1618603396044 0.875 8
1618603396356 0.9375 9
1618603398978 0.1875 0
1618603399529 0.25 1
1618603399823 0.375 2
1618603400115 0.5625 3
1618603400408 0.5625 4
1618603400707 0.5625 5
1618603401063 0.5625 6
1618603403267 0.1875 0
1618603403554 0.25 1
1618603404161 0.1875 2
1618603404434 0.3125 3
1618603404726 0.3125 4
1618603405088 0.3125 5
1618603405413 0.3125 6
1618603405739 0.6875 7
1618603406062 0.625 8
1618603406372 0.5 9
1618603408594 0.0625 0
1618603408881 0.25 1
1618603409179 0.3125 2
1618603409480 0.375 3
1618603409793 0.625 4
1618603410129 0.625 5
1618603410440 0.625 6
1618603412657 0.1875 0
1618603412956 0.625 1
1618603413245 0.4375 2
1618603413544 0.5 3
1618603413867 0.75 4
1618603414201 0.875 5
1618603414515 0.9375 6
1618603414845 0.9375 7
1618603415184 0.875 8
1618603417421 0.0625 0
1618603417699 0.25 1
1618603418007 0.3125 2
1618603418315 0.3125 3
1618603418654 0.375 4
1618603418998 0.625 5
1618603419347 0.875 6
1618603419689 0.75 7
1618603420042 0.75 8
1618603420393 0.75 9
1618603423116 0.1875 0
1618603423394 0.3125 1
1618603423687 0.375 2
1618603424018 0.4375 3
1618603424354 0.5 4
1618603424750 0.75 5
1618603425096 0.75 6
1618603427494 0.0 0
1618603427810 0.25 1
1618603428171 0.5 2
1618603428514 0.4375 3
1618603428876 0.6875 4
1618603429224 0.75 5
1618603429574 0.8125 6
1618603432016 0.0 0
1618603432321 0.4375 1
1618603432662 0.5 2
1618603433026 0.5625 3
1618603433358 0.6875 4
1618603433721 0.875 5
1618603434084 0.6875 6
1618603436465 0.1875 0
1618603436770 0.1875 1
1618603437121 0.125 2
1618603437464 0.5625 3
1618603437809 0.625 4
1618603438172 0.6875 5
1618603438509 0.8125 6
1618603440935 0.0625 0
1618603441252 0.4375 1
1618603441599 0.4375 2
1618603441965 0.4375 3
1618603442310 0.5 4
1618603442657 0.5625 5
1618603443011 0.8125 6
1618603445183 0.1666666716337204 0
