1618603285061 1.7792109251022339 0
1618603285439 17.47381019592285 1
1618603285787 5.578179359436035 2
1618603286137 1.6656079292297363 3
1618603286484 1.8486164808273315 4
1618603286825 1.6383566856384277 5
1618603287139 1.5374748706817627 6
1618603287480 1.3743953704833984 7
1618603287836 1.1832687854766846 8
1618603291105 1.8774099349975586 0
1618603291427 13.00552749633789 1
1618603291756 3.5480191707611084 2
1618603292085 1.7862052917480469 3
1618603292422 1.6966004371643066 4
1618603292739 1.584346890449524 5
1618603293063 2.385584592819214 6
1618603293408 1.6490488052368164 7
1618603293735 1.7445530891418457 8
1618603294056 1.7442092895507812 9
1618603296981 1.7586545944213867 0
1618603297311 28.71456527709961 1
1618603297640 13.264391899108887 2
1618603297972 2.0642220973968506 3
1618603298301 1.6774730682373047 4
1618603298620 1.67963707447052 5
1618603298946 1.572200059890747 6
1618603299270 1.4544477462768555 7
1618603299590 1.375938892364502 8
1618603299939 1.3627712726593018 9
1618603302872 1.8181614875793457 0
1618603303193 14.645237922668457 1
1618603303522 2.491848945617676 2
1618603303865 1.585077166557312 3
1618603304185 1.5816892385482788 4
1618603304517 1.5550427436828613 5
1618603304837 1.5830554962158203 6
1618603305175 2.881045341491699 7
1618603305510 1.5490152835845947 8
1618603308554 1.8116873502731323 0
1618603308898 10.492938995361328 1
1618603309296 3.1819162368774414 2
1618603309721 1.7086946964263916 3
1618603310118 1.6367868185043335 4
1618603310529 1.6800003051757812 5
1618603310917 1.5859968662261963 6
1618603311305 1.5487096309661865 7
1618603311674 1.4903383255004883 8
1618603312063 1.5961580276489258 9
1618603337583 1.7874195575714111 0
1618603337971 3.3486533164978027 1
1618603338357 5.003479957580566 2
1618603338723 4.796604633331299 3
1618603339071 2.885068416595459 4
1618603339431 1.955796241760254 5
1618603339802 1.5848795175552368 6
1618603340149 1.5226624011993408 7
1618603340507 1.500988483428955 8
1618603340873 1.5412157773971558 9
1618603344005 1.8543919324874878 0
1618603344368 6.178498268127441 1
1618603344752 10.778268814086914 2
1618603345104 8.711507797241211 3
1618603345458 5.3416924476623535 4
1618603345823 2.705919027328491 5
1618603346175 1.6705819368362427 6
1618603346540 1.4248833656311035 7
1618603346900 1.5812662839889526 8
1618603347229 1.6658103466033936 9
1618603350423 1.7985297441482544 0
1618603350792 4.851629734039307 1
1618603351144 9.788548469543457 2
1618603351505 10.758878707885742 3
1618603351875 6.765976905822754 4
1618603352227 3.1502015590667725 5
1618603352579 1.8500943183898926 6
1618603352945 1.5623977184295654 7
1618603353291 1.583500623703003 8
1618603353648 1.6066598892211914 9
1618603356738 1.760215163230896 0
1618603357096 4.771658897399902 1
1618603357439 6.854031562805176 2
1618603357811 6.430503845214844 3
1618603358166 3.694525957107544 4
1618603358543 2.1982221603393555 5
1618603358976 1.6566070318222046 6
1618603359420 1.5327149629592896 7
1618603359895 1.593093991279602 8
1618603360339 1.5657596588134766 9
1618603363691 1.8079782724380493 0
1618603364113 3.5892443656921387 1
1618603364568 6.0762128829956055 2
1618603365056 3.805117130279541 3
1618603365503 2.562325954437256 4
1618603365958 1.5220911502838135 5
1618603366367 1.4328420162200928 6
1618603366802 1.3405182361602783 7
1618603367220 1.4613409042358398 8
1618603367645 1.4853813648223877 9
1618603371429 1.7635586261749268 0
1618603372063 2.222386360168457 1
1618603372344 1.3205955028533936 2
1618603372661 1.2475857734680176 3
1618603373017 0.8585731983184814 4
1618603373340 0.732009768486023 5
1618603373668 0.5448126196861267 6
1618603374012 0.3077414631843567 7
1618603374338 0.16476956009864807 8
1618603374689 0.07426178455352783 9
1618603377196 2.3320224285125732 0
1618603377505 1.6609137058258057 1
1618603377874 1.3153064250946045 2
1618603378227 1.2057610750198364 3
1618603378571 0.9070096611976624 4
1618603378928 0.5254216194152832 5
1618603379280 0.27199283242225647 6
1618603379640 0.13689182698726654 7
1618603380019 0.09568973630666733 8
1618603380381 0.01829379051923752 9
1618603382837 2.091916561126709 0
1618603383138 1.9522860050201416 1
1618603383462 1.664250135421753 2
1618603383823 1.4551732540130615 3
1618603384170 1.2570600509643555 4
1618603384519 1.1067407131195068 5
1618603384872 0.9572848081588745 6
1618603385219 0.6748321652412415 7
1618603385568 0.3676568865776062 8
1618603385925 0.16939203441143036 9
1618603388264 2.008519172668457 0
1618603388544 2.1367855072021484 1
1618603388846 1.953526496887207 2
1618603389162 1.5577722787857056 3
1618603389501 1.3142499923706055 4
1618603389830 1.2235126495361328 5
1618603390149 1.037697434425354 6
1618603390479 0.8632166385650635 7
1618603390803 0.6136054992675781 8
1618603391125 0.33460450172424316 9
1618603393441 1.664872646331787 0
1618603393722 4.454261779785156 1
1618603394040 2.1591525077819824 2
1618603394344 1.2440701723098755 3
1618603394660 1.731415867805481 4
1618603395029 1.1445987224578857 5
1618603395343 1.0557622909545898 6
1618603395681 0.9569805860519409 7
1618603396044 0.7661632895469666 8
1618603396356 0.6212794780731201 9
1618603398978 2.0809831619262695 0
1618603399529 1.704709529876709 1
1618603399823 1.6402063369750977 2
1618603400115 1.4799315929412842 3
1618603400408 1.3903536796569824 4
1618603400707 1.3093897104263306 5
1618603401063 1.2150068283081055 6
1618603403267 1.904944896697998 0
1618603403554 2.7431788444519043 1
1618603404161 2.3149473667144775 2
1618603404434 1.9371240139007568 3
1618603404726 1.7555733919143677 4
1618603405088 1.4468250274658203 5
1618603405413 1.2843570709228516 6
1618603405739 1.2534170150756836 7
1618603406062 1.2584422826766968 8
1618603406372 1.254577875137329 9
1618603408594 2.413048505783081 0
1618603408881 1.6422412395477295 1
1618603409179 1.6086647510528564 2
1618603409480 1.51435387134552 3
1618603409793 1.45050048828125 4
1618603410129 1.393345832824707 5
1618603410440 1.335759162902832 6
1618603412657 1.7969849109649658 0
1618603412956 1.5785882472991943 1
1618603413245 1.4079800844192505 2
1618603413544 1.2591235637664795 3
1618603413867 1.1605137586593628 4
1618603414201 1.0487408638000488 5
1618603414515 0.904082179069519 6
1618603414845 0.7787439823150635 7
1618603415184 0.6563363671302795 8
1618603417421 2.008485794067383 0
1618603417699 1.8227970600128174 1
1618603418007 1.6428585052490234 2
1618603418315 1.5600557327270508 3
1618603418654 1.511887550354004 4
1618603418998 1.4073721170425415 5
1618603419347 1.2917128801345825 6
1618603419689 1.2145860195159912 7
1618603420042 1.1633398532867432 8
1618603420393 1.0861351490020752 9
1618603423116 1.8134725093841553 0
1618603423394 1.658445119857788 1
1618603423687 1.464571475982666 2
1618603424018 1.426304817199707 3
1618603424354 1.3669195175170898 4
1618603424750 1.2327823638916016 5
1618603425096 1.0239450931549072 6
1618603427494 1.8201932907104492 0
1618603427810 1.5431225299835205 1
1618603428171 1.3753433227539062 2
1618603428514 1.3185477256774902 3
1618603428876 1.1353044509887695 4
1618603429224 0.9792767763137817 5
1618603429574 0.8095617294311523 6
1618603432016 1.850203037261963 0
1618603432321 1.513671875 1
1618603432662 1.3055906295776367 2
1618603433026 1.2890164852142334 3
1618603433358 1.1259496212005615 4
1618603433721 0.905376136302948 5
1618603434084 1.0455342531204224 6
1618603436465 1.8203049898147583 0
1618603436770 1.571853756904602 1
1618603437121 1.431104302406311 2
1618603437464 1.2987630367279053 3
1618603437809 1.25514554977417 4
1618603438172 1.0863770246505737 5
1618603438509 1.047358751296997 6
1618603440935 1.824361801147461 0
1618603441252 1.4895892143249512 1
1618603441599 1.3899016380310059 2
1618603441965 1.334112524986267 3
1618603442310 1.2970036268234253 4
1618603442657 1.0606125593185425 5
1618603443011 0.870995044708252 6
1618603445180 32.040279388427734 0
