1618600352022 0.1875 0
1618600353004 0.25 1
1618600353310 0.25 2
1618600353617 0.125 3
1618600353926 0.125 4
1618600354229 0.3125 5
1618600354523 0.375 6
1618600354831 0.25 7
1618600355128 0.25 8
1618600357866 0.25 0
1618600358181 0.3125 1
1618600358492 0.3125 2
1618600358796 0.1875 3
1618600359098 0.125 4
1618600359406 0.125 5
1618600359697 0.25 6
1618600359997 0.25 7
1618600360304 0.1875 8
1618600360596 0.4375 9
1618600363560 0.1875 0
1618600363873 0.3125 1
1618600364206 0.3125 2
1618600364692 0.25 3
1618600365009 0.3125 4
1618600365308 0.25 5
1618600365614 0.1875 6
1618600365905 0.4375 7
1618600366204 0.1875 8
1618600366508 0.3125 9
1618600369417 0.1875 0
1618600369724 0.375 1
1618600370023 0.25 2
1618600370329 0.125 3
1618600370632 0.1875 4
1618600370935 0.25 5
1618600371242 0.25 6
1618600371536 0.125 7
1618600371850 0.5 8
1618600374582 0.25 0
1618600374897 0.3125 1
1618600375214 0.25 2
1618600375563 0.25 3
1618600375913 0.3125 4
1618600376277 0.25 5
1618600376621 0.3125 6
1618600376975 0.1875 7
1618600377339 0.25 8
1618600377689 0.4375 9
1618600381794 0.125 0
1618600382997 0.3125 1
1618600383396 0.25 2
1618600383839 0.125 3
1618600384312 0.25 4
1618600384781 0.125 5
1618600385243 0.125 6
1618600385705 0.3125 7
1618600386169 0.3125 8
1618600386602 0.3125 9
1618600389926 0.25 0
1618600390303 0.3125 1
1618600390717 0.25 2
1618600391127 0.1875 3
1618600391795 0.125 4
1618600392259 0.25 5
1618600392707 0.3125 6
1618600393140 0.1875 7
1618600393575 0.1875 8
1618600397144 0.125 0
1618600397568 0.3125 1
1618600398003 0.25 2
1618600398494 0.25 3
1618600398959 0.25 4
1618600399437 0.125 5
1618600399877 0.1875 6
1618600400312 0.0625 7
1618600400781 0.375 8
1618600404649 0.125 0
1618600405072 0.3125 1
1618600405540 0.25 2
1618600405990 0.125 3
1618600406468 0.125 4
1618600406909 0.1875 5
1618600407353 0.125 6
1618600407840 0.1875 7
1618600408266 0.125 8
1618600411522 0.0625 0
1618600411874 0.3125 1
1618600412277 0.25 2
1618600412715 0.125 3
1618600413146 0.125 4
1618600413589 0.125 5
1618600414024 0.125 6
1618600414454 0.6875 7
1618600414880 0.5 8
1618600415299 0.375 9
1618600418906 0.1875 0
1618600419612 0.3125 1
1618600420304 0.1875 2
1618600420637 0.25 3
1618600420974 0.4375 4
1618600421312 0.375 5
1618600421673 0.5625 6
1618600422028 0.5625 7
1618600422374 0.75 8
1618600424837 0.125 0
1618600425145 0.3125 1
1618600425526 0.25 2
1618600425926 0.25 3
1618600426267 0.3125 4
1618600426646 0.3125 5
1618600426999 0.375 6
1618600427337 0.625 7
1618600427713 0.6875 8
1618600430196 0.0625 0
1618600430496 0.3125 1
1618600430827 0.25 2
1618600431160 0.3125 3
1618600431498 0.625 4
1618600431835 0.5625 5
1618600432162 0.6875 6
1618600432492 0.875 7
1618600432815 0.875 8
1618600433140 0.9375 9
1618600435555 0.0 0
1618600435846 0.3125 1
1618600436139 0.4375 2
1618600436478 0.375 3
1618600436828 0.5 4
1618600437155 0.5625 5
1618600437489 0.75 6
1618600437831 0.5625 7
1618600438158 0.75 8
1618600438493 0.8125 9
1618600440875 0.1875 0
1618600441159 0.3125 1
1618600441494 0.3125 2
1618600441829 0.25 3
1618600442150 0.4375 4
1618600442486 0.625 5
1618600442820 0.4375 6
1618600443144 0.8125 7
1618600445832 0.3125 0
1618600446098 0.25 1
1618600446370 0.125 2
1618600446684 0.125 3
1618600447008 0.375 4
1618600447328 0.3125 5
1618600447662 0.3125 6
1618600449922 0.3125 0
1618600450217 0.25 1
1618600450582 0.3125 2
1618600450931 0.3125 3
1618600451291 0.3125 4
1618600451639 0.3125 5
1618600452020 0.4375 6
1618600454344 0.0625 0
1618600454673 0.3125 1
1618600455016 0.4375 2
1618600455353 0.5625 3
1618600455745 0.5 4
1618600456090 0.5 5
1618600456444 0.5 6
1618600456791 0.5 7
1618600457142 0.4375 8
1618600459491 0.25 0
1618600459792 0.3125 1
1618600460114 0.3125 2
1618600460481 0.3125 3
1618600460857 0.25 4
1618600461184 0.25 5
1618600461547 0.25 6
1618600461932 0.6875 7
1618600462282 0.5625 8
1618600464762 0.25 0
1618600465065 0.3125 1
1618600465397 0.5625 2
1618600465782 0.25 3
1618600466137 0.25 4
1618600466488 0.25 5
1618600466849 0.375 6
1618600467198 0.625 7
1618600467549 0.75 8
1618600470254 0.375 0
1618600470926 0.3125 1
1618600471208 0.25 2
1618600471550 0.1875 3
1618600471919 0.125 4
1618600472255 0.375 5
1618600472632 0.4375 6
1618600473070 0.4375 7
1618600475491 0.375 0
1618600475804 0.3125 1
1618600476132 0.25 2
1618600476505 0.625 3
1618600476862 0.375 4
1618600477208 0.5625 5
1618600477576 0.5 6
1618600477936 0.6875 7
1618600480305 0.25 0
1618600480615 0.5 1
1618600480919 0.3125 2
1618600481226 0.5 3
1618600481570 0.5625 4
1618600481898 0.5 5
1618600482217 0.5 6
1618600482588 0.5625 7
1618600482919 0.6875 8
1618600485262 0.1875 0
1618600485566 0.3125 1
1618600485870 0.25 2
1618600486174 0.1875 3
1618600486524 0.375 4
1618600486850 0.3125 5
1618600487159 0.4375 6
1618600487661 0.5 7
1618600490570 0.1875 0
1618600490908 0.3125 1
1618600491344 0.4375 2
1618600491834 0.375 3
1618600492256 0.5 4
1618600492698 0.5 5
1618600493060 0.5625 6
1618600493404 0.6875 7
1618600493770 0.75 8
1618600494116 0.75 9
1618600497362 0.1666666716337204 0
