1618600352022 1.7777180671691895 0
1618600353004 57.25028610229492 1
1618600353310 18.643482208251953 2
1618600353617 5.689017295837402 3
1618600353926 2.099698066711426 4
1618600354229 2.785845994949341 5
1618600354523 1.7066409587860107 6
1618600354831 1.7600622177124023 7
1618600355128 1.775392770767212 8
1618600357866 1.7580903768539429 0
1618600358181 91.20951843261719 1
1618600358492 34.165321350097656 2
1618600358796 2.561244010925293 3
1618600359098 1.8052619695663452 4
1618600359406 1.786875605583191 5
1618600359697 1.7275525331497192 6
1618600359997 1.7815428972244263 7
1618600360304 1.7822341918945312 8
1618600360596 1.782755732536316 9
1618600363560 1.7959245443344116 0
1618600363873 21.05746841430664 1
1618600364206 5.07501745223999 2
1618600364692 1.698176622390747 3
1618600365009 1.7502816915512085 4
1618600365308 1.7770227193832397 5
1618600365614 1.7835215330123901 6
1618600365905 1.7737154960632324 7
1618600366204 1.7739150524139404 8
1618600366508 1.7655675411224365 9
1618600369417 1.794432520866394 0
1618600369724 24.609413146972656 1
1618600370023 6.055393218994141 2
1618600370329 2.9714033603668213 3
1618600370632 1.7509896755218506 4
1618600370935 1.7576866149902344 5
1618600371242 1.7357022762298584 6
1618600371536 1.850300669670105 7
1618600371850 1.7365421056747437 8
1618600374582 1.8000762462615967 0
1618600374897 28.424108505249023 1
1618600375214 9.238057136535645 2
1618600375563 1.8951938152313232 3
1618600375913 1.765454649925232 4
1618600376277 2.0273780822753906 5
1618600376621 1.6117972135543823 6
1618600376975 1.7239891290664673 7
1618600377339 1.7610859870910645 8
1618600377689 1.6749264001846313 9
1618600381794 1.8474950790405273 0
1618600382997 8.52995491027832 1
1618600383396 11.347879409790039 2
1618600383839 8.122840881347656 3
1618600384312 5.868411540985107 4
1618600384781 4.022280693054199 5
1618600385243 2.0270538330078125 6
1618600385705 1.6724090576171875 7
1618600386169 1.7540334463119507 8
1618600386602 1.904536247253418 9
1618600389926 1.81620192527771 0
1618600390303 5.458742141723633 1
1618600390717 6.701245307922363 2
1618600391127 3.2840781211853027 3
1618600391795 2.5681324005126953 4
1618600392259 2.0461103916168213 5
1618600392707 1.8356335163116455 6
1618600393140 1.7668606042861938 7
1618600393575 1.7325712442398071 8
1618600397144 1.793095350265503 0
1618600397568 5.8826704025268555 1
1618600398003 9.140600204467773 2
1618600398494 3.9627251625061035 3
1618600398959 2.9795408248901367 4
1618600399437 2.432192087173462 5
1618600399877 1.9075366258621216 6
1618600400312 1.8334970474243164 7
1618600400781 1.6681069135665894 8
1618600404649 1.8859069347381592 0
1618600405072 7.382375717163086 1
1618600405540 8.527486801147461 2
1618600405990 6.341418266296387 3
1618600406468 4.837584972381592 4
1618600406909 3.427184581756592 5
1618600407353 2.224806785583496 6
1618600407840 1.8406709432601929 7
1618600408266 1.8138580322265625 8
1618600411522 1.7745683193206787 0
1618600411874 8.556294441223145 1
1618600412277 10.209857940673828 2
1618600412715 5.9747748374938965 3
1618600413146 3.7604098320007324 4
1618600413589 2.3491311073303223 5
1618600414024 1.8338003158569336 6
1618600414454 1.659544587135315 7
1618600414880 1.6588329076766968 8
1618600415299 1.6809122562408447 9
1618600418906 1.9209339618682861 0
1618600419612 4.7050323486328125 1
1618600420304 2.0172266960144043 2
1618600420637 1.7254282236099243 3
1618600420974 1.5817694664001465 4
1618600421312 1.4690399169921875 5
1618600421673 1.3318431377410889 6
1618600422028 1.3420053720474243 7
1618600422374 1.074373722076416 8
1618600424837 1.9991074800491333 0
1618600425145 3.415158748626709 1
1618600425526 2.247088670730591 2
1618600425926 1.6248081922531128 3
1618600426267 1.5358929634094238 4
1618600426646 1.4656975269317627 5
1618600426999 1.4517183303833008 6
1618600427337 1.1748952865600586 7
1618600427713 1.0892088413238525 8
1618600430196 2.1359755992889404 0
1618600430496 2.8735299110412598 1
1618600430827 2.068725109100342 2
1618600431160 1.670255184173584 3
1618600431498 1.3950934410095215 4
1618600431835 1.2863065004348755 5
1618600432162 1.1229743957519531 6
1618600432492 0.8760528564453125 7
1618600432815 0.5852246284484863 8
1618600433140 0.34593749046325684 9
1618600435555 2.4595460891723633 0
1618600435846 2.498314380645752 1
1618600436139 2.2154994010925293 2
1618600436478 1.9350662231445312 3
1618600436828 1.791649580001831 4
1618600437155 1.323242425918579 5
1618600437489 1.126465082168579 6
1618600437831 1.1144773960113525 7
1618600438158 0.9834011793136597 8
1618600438493 0.6499077081680298 9
1618600440875 1.9320902824401855 0
1618600441159 3.1970863342285156 1
1618600441494 2.019350290298462 2
1618600441829 1.5379754304885864 3
1618600442150 1.4469400644302368 4
1618600442486 1.1110138893127441 5
1618600442820 1.1146419048309326 6
1618600443144 0.6614630222320557 7
1618600445832 1.8060567378997803 0
1618600446098 2.8722360134124756 1
1618600446370 2.4086990356445312 2
1618600446684 2.0368919372558594 3
1618600447008 1.624667763710022 4
1618600447328 1.5870225429534912 5
1618600447662 1.5831782817840576 6
1618600449922 1.9168356657028198 0
1618600450217 2.310412883758545 1
1618600450582 1.8896689414978027 2
1618600450931 1.9240078926086426 3
1618600451291 1.8652617931365967 4
1618600451639 1.7026464939117432 5
1618600452020 1.6059422492980957 6
1618600454344 2.349412441253662 0
1618600454673 1.7856804132461548 1
1618600455016 1.798166275024414 2
1618600455353 1.7462764978408813 3
1618600455745 1.6914360523223877 4
1618600456090 1.6537575721740723 5
1618600456444 1.6289396286010742 6
1618600456791 1.5962872505187988 7
1618600457142 1.5755246877670288 8
1618600459491 1.865291953086853 0
1618600459792 2.5831007957458496 1
1618600460114 1.6864333152770996 2
1618600460481 1.741490125656128 3
1618600460857 1.7609124183654785 4
1618600461184 1.6708674430847168 5
1618600461547 1.5422908067703247 6
1618600461932 1.4302988052368164 7
1618600462282 1.364773154258728 8
1618600464762 1.845388412475586 0
1618600465065 1.938467025756836 1
1618600465397 1.659457802772522 2
1618600465782 1.5554697513580322 3
1618600466137 1.5010223388671875 4
1618600466488 1.4327514171600342 5
1618600466849 1.3261886835098267 6
1618600467198 1.2007194757461548 7
1618600467549 1.0837503671646118 8
1618600470254 1.7350822687149048 0
1618600470926 2.0270447731018066 1
1618600471208 2.3474695682525635 2
1618600471550 1.8599332571029663 3
1618600471919 1.7775142192840576 4
1618600472255 1.6317524909973145 5
1618600472632 1.5005872249603271 6
1618600473070 1.4104286432266235 7
1618600475491 1.7613601684570312 0
1618600475804 1.698634147644043 1
1618600476132 1.6605676412582397 2
1618600476505 1.4405131340026855 3
1618600476862 1.4593836069107056 4
1618600477208 1.2369858026504517 5
1618600477576 1.3010225296020508 6
1618600477936 1.1847474575042725 7
1618600480305 1.7906885147094727 0
1618600480615 1.6737865209579468 1
1618600480919 1.657660961151123 2
1618600481226 1.5097681283950806 3
1618600481570 1.4835500717163086 4
1618600481898 1.5155116319656372 5
1618600482217 1.4154006242752075 6
1618600482588 1.324546456336975 7
1618600482919 1.1394457817077637 8
1618600485262 1.768733024597168 0
1618600485566 2.108227491378784 1
1618600485870 1.8626680374145508 2
1618600486174 1.778099775314331 3
1618600486524 1.7082180976867676 4
1618600486850 1.5174815654754639 5
1618600487159 1.5633935928344727 6
1618600487661 1.6390511989593506 7
1618600490570 1.795443058013916 0
1618600490908 1.6750948429107666 1
1618600491344 1.5743999481201172 2
1618600491834 1.5288634300231934 3
1618600492256 1.3667423725128174 4
1618600492698 1.3342399597167969 5
1618600493060 1.1922825574874878 6
1618600493404 1.1469453573226929 7
1618600493770 1.019727349281311 8
1618600494116 0.850380003452301 9
1618600497358 5.403715133666992 0
