1618606071896 2.013017177581787 0
1618606072212 41.0322380065918 1
1618606072525 8.494041442871094 2
1618606072826 1.742330551147461 3
1618606073142 1.7038609981536865 4
1618606073448 1.7779265642166138 5
1618606073740 1.7894378900527954 6
1618606074030 1.7879314422607422 7
1618606074325 1.7863564491271973 8
1618606074628 1.7821259498596191 9
1618606077311 1.877795934677124 0
1618606077636 24.51300811767578 1
1618606077947 3.3902852535247803 2
1618606078264 1.837770700454712 3
1618606078580 1.6516510248184204 4
1618606078890 1.6403183937072754 5
1618606079196 1.4355182647705078 6
1618606079546 1.6323498487472534 7
1618606079870 1.276353120803833 8
1618606082558 1.8267536163330078 0
1618606082869 59.475013732910156 1
1618606083174 11.518264770507812 2
1618606083482 1.748275637626648 3
1618606083775 1.884232997894287 4
1618606084080 1.7460883855819702 5
1618606084378 1.6806590557098389 6
1618606084688 2.4256784915924072 7
1618606084990 1.6611707210540771 8
1618606087698 2.0265278816223145 0
1618606088011 15.498970031738281 1
1618606088313 3.5743250846862793 2
1618606088614 1.7493858337402344 3
1618606088913 1.7626664638519287 4
1618606089213 1.709128737449646 5
1618606089521 2.569634437561035 6
1618606089816 1.704024076461792 7
1618606090114 1.7647651433944702 8
1618606092803 1.8203054666519165 0
1618606093102 12.234745025634766 1
1618606093421 3.0937304496765137 2
1618606093763 1.7833373546600342 3
1618606094100 1.7819766998291016 4
1618606094482 1.7796108722686768 5
1618606094849 1.7685227394104004 6
1618606095217 1.7615365982055664 7
1618606095596 1.7449796199798584 8
1618606095967 1.7353346347808838 9
1618606099852 1.8046318292617798 0
1618606100213 11.977666854858398 1
1618606100604 8.33155345916748 2
1618606101078 6.401311874389648 3
1618606101537 3.2316226959228516 4
1618606101980 2.145883083343506 5
1618606102396 1.750824213027954 6
1618606102816 1.7067025899887085 7
1618606103216 1.732084035873413 8
1618606103646 1.7436283826828003 9
1618606106781 1.7987725734710693 0
1618606107150 4.99131965637207 1
1618606107556 5.166760444641113 2
1618606107990 3.511584520339966 3
1618606108398 2.391446828842163 4
1618606108821 1.8688313961029053 5
1618606109226 1.6125309467315674 6
1618606109645 1.5276553630828857 7
1618606110043 1.5475900173187256 8
1618606110448 1.52315092086792 9
1618606113728 1.7522368431091309 0
1618606114125 8.410799026489258 1
1618606114572 9.034491539001465 2
1618606115016 6.566662788391113 3
1618606115478 3.3503456115722656 4
1618606115953 2.1296305656433105 5
1618606116397 1.8113443851470947 6
1618606116863 1.6897046566009521 7
1618606117310 1.6621487140655518 8
1618606117780 1.6622633934020996 9
1618606140194 1.7985190153121948 0
1618606140557 7.143700122833252 1
1618606140942 4.772878170013428 2
1618606141288 4.022835731506348 3
1618606141659 2.547372579574585 4
1618606142821 1.9359230995178223 5
1618606143191 1.6438308954238892 6
1618606143551 1.6262474060058594 7
1618606143933 1.5586873292922974 8
1618606144299 1.482894778251648 9
1618606147470 1.7879064083099365 0
1618606147849 11.460884094238281 1
1618606148219 10.79595947265625 2
1618606148594 8.539501190185547 3
1618606148972 5.020621299743652 4
1618606149331 3.1249327659606934 5
1618606149699 2.147702693939209 6
1618606150073 1.8690637350082397 7
1618606150439 1.7721765041351318 8
1618606150807 1.703186273574829 9
1618606154149 2.2350683212280273 0
1618606154422 3.112462043762207 1
1618606154704 2.8797545433044434 2
1618606155009 2.1597530841827393 3
1618606155279 1.7711477279663086 4
1618606155549 1.2710134983062744 5
1618606155835 0.9699926376342773 6
1618606156478 0.761516273021698 7
1618606156749 0.5289901494979858 8
1618606157038 0.33495086431503296 9
1618606159361 1.9079211950302124 0
1618606159637 1.9456636905670166 1
1618606159928 1.5736244916915894 2
1618606160224 1.2054413557052612 3
1618606160499 1.0058715343475342 4
1618606160782 0.5441875457763672 5
1618606161094 0.2539498805999756 6
1618606161365 0.09130524098873138 7
1618606161638 0.05540282279253006 8
1618606161931 0.031051112338900566 9
1618606164271 2.1941308975219727 0
1618606164585 3.2473716735839844 1
1618606164934 3.0654914379119873 2
1618606165302 2.66878080368042 3
1618606165675 2.5681440830230713 4
1618606166035 2.606842517852783 5
1618606166388 2.450629472732544 6
1618606166742 2.569856643676758 7
1618606167128 2.281431198120117 8
1618606167492 2.313551902770996 9
1618606169981 2.025137424468994 0
1618606170299 4.554877281188965 1
1618606170655 2.7447330951690674 2
1618606171007 2.2093207836151123 3
1618606171348 1.650080680847168 4
1618606171693 1.3876665830612183 5
1618606172068 1.3104875087738037 6
1618606172447 1.1758118867874146 7
1618606172787 0.9380418062210083 8
1618606173118 0.7066749334335327 9
1618606175399 1.9865373373031616 0
1618606175683 2.9713668823242188 1
1618606175991 2.556570053100586 2
1618606176320 1.9425512552261353 3
1618606176649 1.450326681137085 4
1618606176981 1.2364201545715332 5
1618606177307 0.9026831984519958 6
1618606177635 0.7524828910827637 7
1618606177982 0.5175769329071045 8
1618606178321 0.2306540310382843 9
1618606180906 2.08056378364563 0
1618606181182 1.7401118278503418 1
1618606181458 1.6251623630523682 2
1618606181759 1.5444669723510742 3
1618606182093 1.48844313621521 4
1618606182450 1.4206674098968506 5
1618606183125 1.325380563735962 6
1618606183409 1.2291843891143799 7
1618606183730 1.135468602180481 8
1618606184089 1.0195980072021484 9
1618606186328 2.0210814476013184 0
1618606186620 2.0042243003845215 1
1618606186963 1.9418307542800903 2
1618606187320 1.9183051586151123 3
1618606187664 1.8587803840637207 4
1618606188016 1.781219244003296 5
1618606188355 1.7124371528625488 6
1618606188690 1.6630003452301025 7
1618606189045 1.6154637336730957 8
1618606189388 1.5472278594970703 9
1618606191660 1.6637723445892334 0
1618606191968 1.9143733978271484 1
1618606192325 1.8773572444915771 2
1618606192668 1.7377381324768066 3
1618606192994 1.6505147218704224 4
1618606193328 1.4029548168182373 5
1618606193649 1.2989192008972168 6
1618606193977 1.2533512115478516 7
1618606194317 1.2291195392608643 8
1618606194642 1.17167329788208 9
1618606196841 2.135185956954956 0
1618606197141 2.168638229370117 1
1618606197439 2.1319546699523926 2
1618606197742 1.9589717388153076 3
1618606198094 1.6902399063110352 4
1618606198477 1.4851034879684448 5
1618606198805 1.4304277896881104 6
1618606199144 1.4759068489074707 7
1618606199479 1.4903717041015625 8
1618606199794 1.4358023405075073 9
1618606202102 2.2682573795318604 0
1618606202394 3.0464577674865723 1
1618606202729 2.979384422302246 2
1618606203087 2.7168116569519043 3
1618606203450 2.2179439067840576 4
1618606203796 1.8877856731414795 5
1618606204155 1.6605674028396606 6
1618606204505 1.5673468112945557 7
1618606204855 1.568663239479065 8
1618606205203 1.5877108573913574 9
1618606207859 1.8159807920455933 0
1618606208159 1.5675913095474243 1
1618606208481 1.6289236545562744 2
1618606208819 1.4494733810424805 3
1618606209193 1.4357759952545166 4
1618606209546 1.3733043670654297 5
1618606209904 1.2581112384796143 6
1618606210261 1.1573106050491333 7
1618606210614 1.1950489282608032 8
1618606210970 1.004884958267212 9
1618606213360 1.8123716115951538 0
1618606213676 1.6345930099487305 1
1618606214025 1.6011393070220947 2
1618606214375 1.4776685237884521 3
1618606214730 1.4535582065582275 4
1618606215098 1.3942415714263916 5
1618606215439 1.2643280029296875 6
1618606217824 1.8169949054718018 0
1618606218151 1.6397534608840942 1
1618606218498 1.5583726167678833 2
1618606218839 1.6069424152374268 3
1618606219204 1.4339511394500732 4
1618606219544 1.5683729648590088 5
1618606219896 1.3496500253677368 6
1618606222320 1.808004379272461 0
1618606222629 1.8982620239257812 1
1618606222994 1.780643343925476 2
1618606223753 1.653362512588501 3
1618606224050 1.395932674407959 4
1618606224371 1.41618013381958 5
1618606224712 1.4572007656097412 6
1618606225067 1.1657044887542725 7
1618606225427 1.180137276649475 8
1618606225766 1.2537593841552734 9
1618606228199 1.8095431327819824 0
1618606228531 1.8668527603149414 1
1618606228870 1.7664823532104492 2
1618606229227 1.2988983392715454 3
1618606229569 1.511643886566162 4
1618606229914 1.3961033821105957 5
1618606230260 1.220616340637207 6
1618606230613 1.1166741847991943 7
1618606230955 1.1018364429473877 8
1618606231304 0.8394345045089722 9
1618606233319 1.8160594701766968 0
