1618599910865 1.7743637561798096 0
1618599911711 27.228044509887695 1
1618599912171 8.809432983398438 2
1618599912531 1.9073598384857178 3
1618599912853 1.5834076404571533 4
1618599913159 1.5299818515777588 5
1618599913468 1.5762921571731567 6
1618599913774 1.4361966848373413 7
1618599914072 1.7636712789535522 8
1618599916811 1.8400332927703857 0
1618599917122 5.178192138671875 1
1618599917429 2.3057520389556885 2
1618599917749 1.739609718322754 3
1618599918033 1.58754301071167 4
1618599918335 1.6222984790802002 5
1618599918653 1.4464442729949951 6
1618599918943 1.7066264152526855 7
1618599919252 1.4190319776535034 8
1618599944079 1.8523187637329102 0
1618599944397 19.67072296142578 1
1618599944732 3.875021457672119 2
1618599945048 1.743618130683899 3
1618599945379 1.6425718069076538 4
1618599945707 1.7892088890075684 5
1618599946015 1.5708775520324707 6
1618599946314 1.6715800762176514 7
1618599946626 1.6737873554229736 8
1618599949554 1.7994709014892578 0
1618599949881 42.10337829589844 1
1618599950214 16.284412384033203 2
1618599950550 2.016317129135132 3
1618599950865 1.767244815826416 4
1618599951188 1.5928072929382324 5
1618599951515 1.9328792095184326 6
1618599951830 1.8609803915023804 7
1618599952159 1.6275840997695923 8
1618599952484 1.676924467086792 9
1618599955506 1.7629573345184326 0
1618599955820 24.175762176513672 1
1618599956128 11.016866683959961 2
1618599956434 2.0930895805358887 3
1618599956748 1.777301549911499 4
1618599957046 1.7667334079742432 5
1618599957350 1.5956425666809082 6
1618599957688 4.411750793457031 7
1618599957991 1.5806732177734375 8
1618599958296 1.7409616708755493 9
1618599962143 1.7911063432693481 0
1618599962664 2.3207616806030273 1
1618599963115 2.7851428985595703 2
1618599963531 1.847325325012207 3
1618599963894 1.5879583358764648 4
1618599964242 1.4795469045639038 5
1618599965444 1.4302196502685547 6
1618599965837 1.3849413394927979 7
1618599966185 1.2893677949905396 8
1618599966563 1.0609383583068848 9
1618599970113 1.7723578214645386 0
1618599970521 4.727139949798584 1
1618599971006 9.360311508178711 2
1618599971601 7.366718769073486 3
1618599972196 5.429068565368652 4
1618599972785 3.8261780738830566 5
1618599973296 2.5556650161743164 6
1618599973808 1.7483359575271606 7
1618599974305 1.6203038692474365 8
1618599975014 1.6584868431091309 9
1618599980053 1.8808681964874268 0
1618599980469 3.55196213722229 1
1618599980935 4.75312614440918 2
1618599981386 3.2487969398498535 3
1618599981860 1.5423336029052734 4
1618599982310 1.5271053314208984 5
1618599982818 1.573483943939209 6
1618599983302 1.6165193319320679 7
1618599983808 1.5818101167678833 8
1618599984284 1.5815026760101318 9
1618599988318 1.741329550743103 0
1618599988724 7.620369911193848 1
1618599989154 6.598493576049805 2
1618599989638 4.6250386238098145 3
1618599990122 2.892374038696289 4
1618599990599 2.066718578338623 5
1618599991109 1.9611694812774658 6
1618599991591 1.5617625713348389 7
1618599992095 1.5911359786987305 8
1618599992584 1.6411535739898682 9
1618599996513 1.8668177127838135 0
1618599996897 7.4947190284729 1
1618599997282 12.047561645507812 2
1618599997699 9.132379531860352 3
1618599998135 5.3093485832214355 4
1618599998587 2.8121681213378906 5
1618599999061 2.124652624130249 6
1618599999508 1.6070852279663086 7
1618599999966 1.4447014331817627 8
1618600000422 1.5127630233764648 9
1618600004506 2.383505344390869 0
1618600004805 2.0878727436065674 1
1618600005104 1.784610390663147 2
1618600005396 1.2939308881759644 3
1618600005716 1.0118389129638672 4
1618600006081 0.8596886396408081 5
1618600006438 0.5411518812179565 6
1618600007327 0.40386274456977844 7
1618600007626 0.15155267715454102 8
1618600007987 0.12265199422836304 9
1618600010949 1.914656400680542 0
1618600011296 1.5442378520965576 1
1618600011673 1.1379934549331665 2
1618600012097 1.126987099647522 3
1618600012489 0.5992996096611023 4
1618600012905 0.5695119500160217 5
1618600013287 0.3357386887073517 6
1618600016128 1.742523193359375 0
1618600016428 2.890317678451538 1
1618600016752 2.1003434658050537 2
1618600017104 1.509795904159546 3
1618600017453 1.2716796398162842 4
1618600017799 1.1750235557556152 5
1618600018152 1.203694224357605 6
1618600018500 1.0326482057571411 7
1618600018883 0.9121485948562622 8
1618600021724 1.9103193283081055 0
1618600022024 2.464590311050415 1
1618600022324 1.8945555686950684 2
1618600022627 1.469914436340332 3
1618600022953 1.557402491569519 4
1618600023298 1.338106393814087 5
1618600023646 1.2161606550216675 6
1618600024048 1.0605337619781494 7
1618600024435 0.9060378670692444 8
1618600024816 0.6154932379722595 9
1618600027787 1.9143097400665283 0
1618600028129 1.8038564920425415 1
1618600028507 1.5131069421768188 2
1618600028929 1.623866319656372 3
1618600029330 1.3018784523010254 4
1618600029718 1.2284448146820068 5
1618600030099 1.0025544166564941 6
1618600030475 0.8598500490188599 7
1618600030873 0.6010639667510986 8
1618600031248 0.35380715131759644 9
1618600034681 1.9100189208984375 0
1618600035283 1.562462329864502 1
1618600035569 1.4152952432632446 2
1618600035916 1.2734363079071045 3
1618600036272 1.1272932291030884 4
1618600036610 0.9734594821929932 5
1618600037311 0.8307017087936401 6
1618600037593 0.6912083625793457 7
1618600037974 0.5472792983055115 8
1618600040238 1.7585479021072388 0
1618600040535 1.6700177192687988 1
1618600040909 1.6322674751281738 2
1618600041288 1.3590980768203735 3
1618600041656 1.3627972602844238 4
1618600042071 1.3124712705612183 5
1618600042474 1.1823753118515015 6
1618600042847 1.09624183177948 7
1618600043202 1.0424647331237793 8
1618600043547 0.9700350165367126 9
1618600045818 1.8358105421066284 0
1618600046087 1.6211743354797363 1
1618600046387 1.5745818614959717 2
1618600046700 1.4931224584579468 3
1618600047042 1.4146146774291992 4
1618600047361 1.3249523639678955 5
1618600047687 1.2186167240142822 6
1618600050381 2.296065092086792 0
1618600050657 1.6567789316177368 1
1618600050980 1.606675624847412 2
1618600051297 1.4925885200500488 3
1618600051618 1.4175257682800293 4
1618600051952 1.3535819053649902 5
1618600052263 1.2623934745788574 6
1618600054612 2.324798107147217 0
1618600054960 1.6680271625518799 1
1618600055315 1.5092755556106567 2
1618600055677 1.4861695766448975 3
1618600056043 1.4625409841537476 4
1618600056653 1.4225537776947021 5
1618600057164 1.3672826290130615 6
1618600060308 1.8124241828918457 0
1618600060976 1.7554913759231567 1
1618600061273 1.752460241317749 2
1618600061608 1.544616460800171 3
1618600062429 1.37913179397583 4
1618600062712 1.10990309715271 5
1618600063078 1.063116192817688 6
1618600063428 0.928291380405426 7
1618600063786 0.7741711139678955 8
1618600064164 0.7571112513542175 9
1618600080966 1.8192312717437744 0
1618600081285 1.7643969058990479 1
1618600081571 1.4680299758911133 2
1618600081886 1.3517346382141113 3
1618600082183 1.3658629655838013 4
1618600082490 1.1687064170837402 5
1618600082778 1.1687206029891968 6
1618600083069 0.9444417953491211 7
1618600091775 1.7779377698898315 0
1618600092073 1.863895297050476 1
1618600092381 1.9493982791900635 2
1618600092711 1.7644546031951904 3
1618600093019 1.6034348011016846 4
1618600093338 1.509607195854187 5
1618600093653 1.4647274017333984 6
1618600093938 1.376946210861206 7
1618600096614 1.782679796218872 0
1618600097108 1.583927035331726 1
1618600097411 1.3873578310012817 2
1618600097884 1.3501505851745605 3
1618600098184 1.175804853439331 4
1618600098500 1.1625419855117798 5
1618600098795 0.8778781890869141 6
1618600099094 0.8621229529380798 7
1618600101553 1.765449047088623 0
1618600101860 1.594395637512207 1
1618600102151 1.5942401885986328 2
1618600102448 1.4662108421325684 3
1618600102741 1.4016178846359253 4
1618600103019 1.3892827033996582 5
1618600103311 1.265512466430664 6
1618600103615 1.0230680704116821 7
1618600105571 2.4808740615844727 0
