1618598486333 0.0625 0
1618598486690 0.25 1
1618598487083 0.1875 2
1618598487537 0.125 3
1618598487998 0.1875 4
1618598488448 0.1875 5
1618598488905 0.1875 6
1618598489322 0.25 7
1618598489733 0.3125 8
1618598490137 0.25 9
1618598494376 0.1875 0
1618598495508 0.375 1
1618598495841 0.25 2
1618598496199 0.125 3
1618598496575 0.25 4
1618598496983 0.3125 5
1618598497387 0.25 6
1618598497760 0.1875 7
1618598498137 0.25 8
1618598498534 0.3125 9
1618598502423 0.125 0
1618598502794 0.25 1
1618598503185 0.25 2
1618598503611 0.0625 3
1618598504026 0.1875 4
1618598504428 0.1875 5
1618598504834 0.375 6
1618598505252 0.25 7
1618598505684 0.25 8
1618598506135 0.625 9
1618598532642 0.25 0
1618598532971 0.1875 1
1618598533276 0.1875 2
1618598533594 0.25 3
1618598533930 0.25 4
1618598534244 0.25 5
1618598534576 0.25 6
1618598534900 0.375 7
1618598535227 0.25 8
1618598535559 0.5 9
1618598538440 0.1875 0
1618598538774 0.25 1
1618598539084 0.25 2
1618598539415 0.25 3
1618598539740 0.1875 4
1618598540047 0.1875 5
1618598540359 0.25 6
1618598540683 0.1875 7
1618598541017 0.1875 8
1618598545557 0.0 0
1618598545931 0.125 1
1618598546297 0.1875 2
1618598546671 0.3125 3
1618598547063 0.125 4
1618598547411 0.125 5
1618598547803 0.25 6
1618598548171 0.25 7
1618598548556 0.375 8
1618598548953 0.1875 9
1618598552755 0.125 0
1618598553139 0.3125 1
1618598553516 0.25 2
1618598553902 0.1875 3
1618598554263 0.375 4
1618598554653 0.25 5
1618598555063 0.6875 6
1618598555478 0.8125 7
1618598555983 0.8125 8
1618598556541 0.6875 9
1618598560752 0.1875 0
1618598561196 0.3125 1
1618598561662 0.25 2
1618598563224 0.3125 3
1618598563641 0.3125 4
1618598564085 0.375 5
1618598564546 0.5625 6
1618598564996 0.4375 7
1618598565445 0.5 8
1618598569807 0.0625 0
1618598570239 0.1875 1
1618598570744 0.1875 2
1618598571245 0.1875 3
1618598571738 0.1875 4
1618598572236 0.125 5
1618598572762 0.25 6
1618598573268 0.25 7
1618598573763 0.1875 8
1618598574262 0.25 9
1618598578859 0.0625 0
1618598579290 0.1875 1
1618598579812 0.3125 2
1618598580313 0.1875 3
1618598580809 0.1875 4
1618598581312 0.125 5
1618598581809 0.25 6
1618598582289 0.375 7
1618598582797 0.5 8
1618598583276 0.375 9
1618598588049 0.125 0
1618598588349 0.3125 1
1618598588673 0.25 2
1618598589059 0.25 3
1618598589943 0.375 4
1618598590257 0.375 5
1618598590614 0.625 6
1618598591000 0.9375 7
1618598594274 0.0625 0
1618598594603 0.375 1
1618598595042 0.4375 2
1618598595425 0.6875 3
1618598595865 0.625 4
1618598596257 0.5625 5
1618598596644 0.75 6
1618598597040 0.875 7
1618598597416 1.0 8
1618598597784 1.0 9
1618598600862 0.125 0
1618598601191 0.25 1
1618598601507 0.1875 2
1618598601876 0.4375 3
1618598602244 0.1875 4
1618598602607 0.3125 5
1618598602982 0.6875 6
1618598603348 0.75 7
1618598603695 0.875 8
1618598604079 1.0 9
1618598607115 0.0625 0
1618598607417 0.1875 1
1618598607771 0.1875 2
1618598608171 0.375 3
1618598608550 0.875 4
1618598608954 0.875 5
1618598609351 0.9375 6
1618598609738 0.875 7
1618598610680 1.0 8
1618598611025 1.0 9
1618598614718 0.1875 0
1618598615077 0.25 1
1618598615472 0.4375 2
1618598615894 0.3125 3
1618598616303 0.5 4
1618598616725 0.625 5
1618598617132 0.75 6
1618598617535 0.9375 7
1618598617928 1.0 8
1618598618294 1.0 9
1618598622252 0.1875 0
1618598622563 0.25 1
1618598622910 0.1875 2
1618598623256 0.3125 3
1618598623646 0.1875 4
1618598624020 0.25 5
1618598624403 0.4375 6
1618598624763 0.5 7
1618598625138 0.3125 8
1618598625504 0.3125 9
1618598629020 0.1875 0
1618598629350 0.3125 1
1618598629698 0.25 2
1618598630070 0.5 3
1618598630425 0.3125 4
1618598630765 0.25 5
1618598631145 0.3125 6
1618598631506 0.1875 7
1618598631873 0.25 8
1618598635068 0.1875 0
1618598635376 0.25 1
1618598635704 0.4375 2
1618598636073 0.5 3
1618598636428 0.5 4
1618598636778 0.625 5
1618598637129 0.625 6
1618598637532 0.5 7
1618598637938 0.8125 8
1618598638318 0.875 9
1618598641743 0.1875 0
1618598642074 0.3125 1
1618598642447 0.25 2
1618598642828 0.375 3
1618598643221 0.5625 4
1618598643620 0.25 5
1618598644019 0.1875 6
1618598644416 0.3125 7
1618598644804 0.625 8
1618598645183 0.875 9
1618598648946 0.125 0
1618598649262 0.1875 1
1618598649608 0.3125 2
1618598650006 0.375 3
1618598650395 0.5 4
1618598650774 0.625 5
1618598651157 0.4375 6
1618598655330 0.1875 0
1618598655656 0.25 1
1618598656029 0.25 2
1618598656941 0.4375 3
1618598657304 0.3125 4
1618598657686 0.5 5
1618598658113 0.625 6
1618598658537 0.625 7
1618598662632 0.125 0
1618598662984 0.25 1
1618598663364 0.5 2
1618598663764 0.25 3
1618598664159 0.3125 4
1618598664565 0.5625 5
1618598664977 0.3125 6
1618598665371 0.3125 7
1618598665750 0.8125 8
1618598666161 0.625 9
1618598669753 0.125 0
1618598670097 0.375 1
1618598670475 0.3125 2
1618598670844 0.3125 3
1618598671263 0.6875 4
1618598671664 0.5 5
1618598672063 0.8125 6
1618598675683 0.0625 0
1618598676033 0.3125 1
1618598676413 0.125 2
1618598676813 0.375 3
1618598677214 0.4375 4
1618598677605 0.5625 5
1618598677998 0.6875 6
1618598678399 0.5 7
1618598678758 0.5 8
1618598679139 0.9375 9
1618598682450 0.0625 0
1618598682790 0.125 1
1618598683141 0.3125 2
1618598683508 0.25 3
1618598683876 0.5625 4
1618598684252 0.5 5
1618598684630 0.5625 6
1618598687402 0.25 0
