1618598486333 1.8064959049224854 0
1618598486690 29.54366683959961 1
1618598487083 7.933475017547607 2
1618598487537 2.6737935543060303 3
1618598487998 1.7992112636566162 4
1618598488448 1.7748953104019165 5
1618598488905 1.7544748783111572 6
1618598489322 1.7625505924224854 7
1618598489733 1.7042933702468872 8
1618598490137 1.7207059860229492 9
1618598494376 1.9510328769683838 0
1618598495508 20.754728317260742 1
1618598495841 6.850136756896973 2
1618598496199 2.4288949966430664 3
1618598496575 1.7997950315475464 4
1618598496983 1.7886691093444824 5
1618598497387 1.7579030990600586 6
1618598497760 1.8160676956176758 7
1618598498137 1.7252808809280396 8
1618598498534 1.6960368156433105 9
1618598502423 1.8366315364837646 0
1618598502794 10.248109817504883 1
1618598503185 4.879899024963379 2
1618598503611 1.8485543727874756 3
1618598504026 1.792086124420166 4
1618598504428 1.7862114906311035 5
1618598504834 1.738932728767395 6
1618598505252 1.6838929653167725 7
1618598505684 1.6293644905090332 8
1618598506135 1.447702407836914 9
1618598532642 1.7525323629379272 0
1618598532971 34.484901428222656 1
1618598533276 6.081601142883301 2
1618598533594 1.791304349899292 3
1618598533930 1.8061559200286865 4
1618598534244 1.7457771301269531 5
1618598534576 1.748613715171814 6
1618598534900 1.694483757019043 7
1618598535227 2.0263044834136963 8
1618598535559 1.692854642868042 9
1618598538440 1.8204102516174316 0
1618598538774 2.9125587940216064 1
1618598539084 1.906465768814087 2
1618598539415 1.7960081100463867 3
1618598539740 1.7959485054016113 4
1618598540047 1.8033246994018555 5
1618598540359 1.7915133237838745 6
1618598540683 1.7925888299942017 7
1618598541017 1.7884180545806885 8
1618598545557 1.7841192483901978 0
1618598545931 8.722846984863281 1
1618598546297 11.254373550415039 2
1618598546671 7.651913642883301 3
1618598547063 5.301553249359131 4
1618598547411 3.459055185317993 5
1618598547803 2.354160785675049 6
1618598548171 2.0144224166870117 7
1618598548556 1.7335865497589111 8
1618598548953 1.7169431447982788 9
1618598552755 1.7987102270126343 0
1618598553139 3.2996461391448975 1
1618598553516 3.415982484817505 2
1618598553902 2.862567901611328 3
1618598554263 1.9431873559951782 4
1618598554653 1.6764423847198486 5
1618598555063 1.5921094417572021 6
1618598555478 1.4973115921020508 7
1618598555983 1.4697542190551758 8
1618598556541 1.4153622388839722 9
1618598560752 1.8159878253936768 0
1618598561196 3.555093765258789 1
1618598561662 4.273035526275635 2
1618598563224 2.517665147781372 3
1618598563641 2.122035026550293 4
1618598564085 1.737691879272461 5
1618598564546 1.639789342880249 6
1618598564996 1.6507936716079712 7
1618598565445 1.6605820655822754 8
1618598569807 1.8362290859222412 0
1618598570239 9.103281021118164 1
1618598570744 13.195048332214355 2
1618598571245 10.26196575164795 3
1618598571738 6.28411865234375 4
1618598572236 4.100886344909668 5
1618598572762 2.497849464416504 6
1618598573268 1.8579636812210083 7
1618598573763 1.6998448371887207 8
1618598574262 1.6692802906036377 9
1618598578859 1.8316128253936768 0
1618598579290 3.4325265884399414 1
1618598579812 5.518303871154785 2
1618598580313 4.006163120269775 3
1618598580809 3.0421767234802246 4
1618598581312 2.2807676792144775 5
1618598581809 1.9031034708023071 6
1618598582289 1.7859673500061035 7
1618598582797 1.759265422821045 8
1618598583276 1.7357882261276245 9
1618598588049 1.852966070175171 0
1618598588349 2.8010363578796387 1
1618598588673 1.732941746711731 2
1618598589059 2.0479960441589355 3
1618598589943 1.5170891284942627 4
1618598590257 1.4238471984863281 5
1618598590614 1.1774122714996338 6
1618598591000 0.9408040046691895 7
1618598594274 2.147246837615967 0
1618598594603 2.7163076400756836 1
1618598595042 2.307539939880371 2
1618598595425 1.7497261762619019 3
1618598595865 1.230102777481079 4
1618598596257 1.373265266418457 5
1618598596644 1.1921037435531616 6
1618598597040 0.7159745693206787 7
1618598597416 0.44463038444519043 8
1618598597784 0.3234136700630188 9
1618598600862 2.08382248878479 0
1618598601191 3.310429573059082 1
1618598601507 3.139233112335205 2
1618598601876 1.9907114505767822 3
1618598602244 1.597226619720459 4
1618598602607 1.511164665222168 5
1618598602982 1.1521356105804443 6
1618598603348 0.9954771995544434 7
1618598603695 0.6461387276649475 8
1618598604079 0.5397356748580933 9
1618598607115 1.9239362478256226 0
1618598607417 2.5956451892852783 1
1618598607771 1.8780882358551025 2
1618598608171 1.504662036895752 3
1618598608550 1.1781871318817139 4
1618598608954 1.120755672454834 5
1618598609351 0.8251978158950806 6
1618598609738 0.49375930428504944 7
1618598610680 0.2809371054172516 8
1618598611025 0.07768651098012924 9
1618598614718 1.9089643955230713 0
1618598615077 2.8262133598327637 1
1618598615472 2.151639223098755 2
1618598615894 2.1454505920410156 3
1618598616303 1.258133888244629 4
1618598616725 0.9592266082763672 5
1618598617132 0.8375430107116699 6
1618598617535 0.4889831244945526 7
1618598617928 0.3064148426055908 8
1618598618294 0.23198124766349792 9
1618598622252 1.8761606216430664 0
1618598622563 2.6121456623077393 1
1618598622910 2.396848201751709 2
1618598623256 1.76845121383667 3
1618598623646 1.7776107788085938 4
1618598624020 1.751404047012329 5
1618598624403 1.6570593118667603 6
1618598624763 1.5513916015625 7
1618598625138 1.4699933528900146 8
1618598625504 1.3846800327301025 9
1618598629020 2.022885799407959 0
1618598629350 3.045541763305664 1
1618598629698 2.756953716278076 2
1618598630070 2.1641697883605957 3
1618598630425 1.8213571310043335 4
1618598630765 1.6928459405899048 5
1618598631145 1.5978487730026245 6
1618598631506 1.563989281654358 7
1618598631873 1.4828741550445557 8
1618598635068 2.0984103679656982 0
1618598635376 2.5091280937194824 1
1618598635704 2.4524359703063965 2
1618598636073 2.0947158336639404 3
1618598636428 1.6926528215408325 4
1618598636778 1.4496378898620605 5
1618598637129 1.4303615093231201 6
1618598637532 1.4489318132400513 7
1618598637938 1.414515495300293 8
1618598638318 1.3154157400131226 9
1618598641743 1.9401969909667969 0
1618598642074 2.3893613815307617 1
1618598642447 2.1912636756896973 2
1618598642828 1.826709508895874 3
1618598643221 1.4915111064910889 4
1618598643620 1.5015171766281128 5
1618598644019 1.5413085222244263 6
1618598644416 1.4104292392730713 7
1618598644804 1.2370705604553223 8
1618598645183 1.1347476243972778 9
1618598648946 1.9166494607925415 0
1618598649262 2.2394485473632812 1
1618598649608 1.7795307636260986 2
1618598650006 1.7649863958358765 3
1618598650395 1.6576764583587646 4
1618598650774 1.539833426475525 5
1618598651157 1.4508130550384521 6
1618598655330 1.760975956916809 0
1618598655656 1.750311017036438 1
1618598656029 1.5873677730560303 2
1618598656941 1.6438803672790527 3
1618598657304 1.5707039833068848 4
1618598657686 1.4099838733673096 5
1618598658113 1.410917043685913 6
1618598658537 1.2252758741378784 7
1618598662632 1.8850305080413818 0
1618598662984 1.98732590675354 1
1618598663364 1.6504697799682617 2
1618598663764 1.5199739933013916 3
1618598664159 1.5007846355438232 4
1618598664565 1.3413833379745483 5
1618598664977 1.353163242340088 6
1618598665371 1.3845405578613281 7
1618598665750 1.0293256044387817 8
1618598666161 1.321692705154419 9
1618598669753 1.8144433498382568 0
1618598670097 1.6705679893493652 1
1618598670475 1.5371036529541016 2
1618598670844 1.5274193286895752 3
1618598671263 1.3463218212127686 4
1618598671664 1.1742093563079834 5
1618598672063 1.0259275436401367 6
1618598675683 1.8082306385040283 0
1618598676033 1.760080337524414 1
1618598676413 1.6699485778808594 2
1618598676813 1.5355929136276245 3
1618598677214 1.4220726490020752 4
1618598677605 1.2227489948272705 5
1618598677998 1.0935420989990234 6
1618598678399 1.2377407550811768 7
1618598678758 1.1529181003570557 8
1618598679139 0.7391077280044556 9
1618598682450 1.8472850322723389 0
1618598682790 1.8179593086242676 1
1618598683141 1.6583030223846436 2
1618598683508 1.6560752391815186 3
1618598683876 1.4287335872650146 4
1618598684252 1.3963209390640259 5
1618598684630 1.2438488006591797 6
1618598687397 1.6868153810501099 0
