1618585308289 0.0625 0
1618585308616 0.1875 1
1618585308952 0.3125 2
1618585309282 0.25 3
1618585309589 0.5 4
1618585310624 0.375 5
1618585311029 0.375 6
1618585311350 0.3125 7
1618585311682 0.4375 8
1618585315554 0.0625 0
1618585316036 0.25 1
1618585316543 0.1875 2
1618585317065 0.25 3
1618585317568 0.0625 4
1618585318117 0.1875 5
1618585318588 0.1875 6
1618585319078 0.25 7
1618585319576 0.25 8
1618585325678 0.0625 0
1618585326099 0.3125 1
1618585326548 0.25 2
1618585327051 0.25 3
1618585327514 0.25 4
1618585327952 0.3125 5
1618585328445 0.1875 6
1618585328957 0.0 7
1618585329409 0.4375 8
1618585329868 0.3125 9
1618585335994 0.1875 0
1618585336404 0.125 1
1618585336837 0.3125 2
1618585337301 0.125 3
1618585337753 0.3125 4
1618585338202 0.3125 5
1618585338643 0.4375 6
1618585339120 0.4375 7
1618585339590 0.5625 8
1618585344221 0.125 0
1618585344601 0.25 1
1618585345024 0.125 2
1618585345442 0.1875 3
1618585345888 0.0625 4
1618585346413 0.3125 5
1618585346861 0.0625 6
1618585347328 0.1875 7
1618585347790 0.125 8
1618585348259 0.0625 9
1618585357488 0.25 0
1618585357892 0.25 1
1618585358280 0.25 2
1618585358689 0.25 3
1618585359099 0.375 4
1618585359496 0.375 5
1618585359922 0.1875 6
1618585360394 0.1875 7
1618585360999 0.25 8
1618585361536 0.375 9
1618585388256 0.125 0
1618585388681 0.25 1
1618585389088 0.375 2
1618585389533 0.375 3
1618585389921 0.5 4
1618585390340 0.5 5
1618585390775 0.3125 6
1618585391202 0.5625 7
1618585391632 0.3125 8
1618585392041 0.1875 9
1618585396598 0.1875 0
1618585397237 0.3125 1
1618585397982 0.0625 2
1618585398678 0.125 3
1618585399347 0.4375 4
1618585399986 0.375 5
1618585400594 0.3125 6
1618585401228 0.375 7
1618585401975 0.375 8
1618585402698 0.1875 9
1618585408647 0.25 0
1618585409165 0.25 1
1618585409711 0.1875 2
1618585410280 0.1875 3
1618585410836 0.25 4
1618585411378 0.3125 5
1618585411900 0.25 6
1618585412452 0.25 7
1618585412970 0.25 8
1618585413535 0.375 9
1618585423126 0.25 0
1618585423498 0.3125 1
1618585423901 0.1875 2
1618585425278 0.125 3
1618585425674 0.4375 4
1618585426066 0.4375 5
1618585426525 0.4375 6
1618585426928 0.375 7
1618585427344 0.4375 8
1618585427800 0.5 9
1618585432710 0.125 0
1618585433522 0.5 1
1618585433903 0.375 2
1618585434297 0.375 3
1618585434713 0.5 4
1618585435123 0.375 5
1618585435538 0.75 6
1618585435957 0.625 7
1618585436352 0.875 8
1618585436751 0.875 9
1618585441018 0.25 0
1618585441364 0.25 1
1618585441750 0.1875 2
1618585442144 0.375 3
1618585442531 0.25 4
1618585442953 0.4375 5
1618585443380 0.6875 6
1618585443834 0.8125 7
1618585444253 1.0 8
1618585444699 1.0 9
1618585451795 0.25 0
1618585452190 0.1875 1
1618585452592 0.1875 2
1618585452983 0.375 3
1618585477268 0.1875 4
1618585477563 0.5 5
1618585477848 0.25 6
1618585478177 0.8125 7
1618585478501 0.8125 8
1618585478816 0.875 9
1618585482092 0.1875 0
1618585482416 0.1875 1
1618585482743 0.5 2
1618585483063 0.5625 3
1618585483370 0.625 4
1618585483687 0.6875 5
1618585483985 0.9375 6
1618585484305 0.8125 7
1618585484636 1.0 8
1618585487739 0.1875 0
1618585488110 0.25 1
1618585488434 0.1875 2
1618585488748 0.375 3
1618585489071 0.625 4
1618585489395 0.4375 5
1618585489704 0.8125 6
1618585490026 0.875 7
1618585490350 0.9375 8
1618585490688 1.0 9
1618585493785 0.1875 0
1618585494066 0.25 1
1618585494351 0.25 2
1618585494643 0.25 3
1618585494930 0.1875 4
1618585495218 0.25 5
1618585495519 0.375 6
1618585497940 0.1875 0
1618585498240 0.25 1
1618585498589 0.25 2
1618585498912 0.25 3
1618585499337 0.625 4
1618585499789 0.25 5
1618585500169 0.1875 6
1618585500546 0.3125 7
1618585500895 0.625 8
1618585503625 0.25 0
1618585503916 0.1875 1
1618585504231 0.1875 2
1618585504555 0.25 3
1618585504867 0.25 4
1618585505225 0.5 5
1618585505584 0.375 6
1618585505935 0.5 7
1618585506273 0.5625 8
1618585506660 0.5 9
1618585509597 0.125 0
1618585509893 0.1875 1
1618585510610 0.3125 2
1618585510913 0.4375 3
1618585511275 0.4375 4
1618585511650 0.5625 5
1618585512006 0.6875 6
1618585512450 0.6875 7
1618585512855 0.6875 8
1618585513231 0.75 9
1618585516170 0.25 0
1618585516478 0.1875 1
1618585516814 0.25 2
1618585517204 0.25 3
1618585517648 0.25 4
1618585518100 0.4375 5
1618585518541 0.75 6
1618585518945 0.4375 7
1618585519375 0.5 8
1618585519789 0.8125 9
1618585523455 0.125 0
1618585523805 0.25 1
1618585524188 0.4375 2
1618585524673 0.5 3
1618585525160 0.5 4
1618585525590 0.5625 5
1618585526037 0.9375 6
1618585530516 0.125 0
1618585530912 0.25 1
1618585531365 0.3125 2
1618585531904 0.25 3
1618585532429 0.5 4
1618585532914 0.5625 5
1618585533923 0.5625 6
1618585534254 0.5 7
1618585534602 0.8125 8
1618585534982 0.875 9
1618585538035 0.25 0
1618585538371 0.125 1
1618585538708 0.1875 2
1618585539087 0.5 3
1618585539480 0.6875 4
1618585539871 0.6875 5
1618585540296 0.625 6
1618585540669 0.75 7
1618585541017 0.9375 8
1618585541383 0.9375 9
1618585544564 0.0 0
1618585544947 0.25 1
1618585545311 0.25 2
1618585545845 0.3125 3
1618585546368 0.5 4
1618585546847 0.6875 5
1618585547280 0.625 6
1618585550267 0.1875 0
1618585550632 0.3125 1
1618585550949 0.375 2
1618585551287 0.5625 3
1618585551642 0.5 4
1618585552022 0.6875 5
1618585552483 0.8125 6
1618585552878 0.6875 7
1618585553262 0.875 8
1618585553642 0.9375 9
1618585556343 0.0 0
