1618604334773 1.7808977365493774 0
1618604335643 44.96562194824219 1
1618604335947 9.694807052612305 2
1618604336251 3.034188747406006 3
1618604336557 1.8259665966033936 4
1618604336869 1.7701478004455566 5
1618604337201 1.6783751249313354 6
1618604337537 1.7476320266723633 7
1618604337855 1.6355036497116089 8
1618604340989 1.9397425651550293 0
1618604341307 15.61623764038086 1
1618604341629 3.7067649364471436 2
1618604341942 1.7824029922485352 3
1618604342252 1.7227970361709595 4
1618604342579 1.6908026933670044 5
1618604342879 1.7770905494689941 6
1618604343197 1.6989613771438599 7
1618604346261 1.7542691230773926 0
1618604346574 66.28549194335938 1
1618604346906 24.01445960998535 2
1618604347226 2.2558951377868652 3
1618604347546 1.8037700653076172 4
1618604347861 1.791432499885559 5
1618604348182 1.7962982654571533 6
1618604348515 1.7883726358413696 7
1618604348821 1.7883522510528564 8
1618604351989 1.7325921058654785 0
1618604352310 85.91448974609375 1
1618604352640 9.74415111541748 2
1618604352964 1.9639203548431396 3
1618604353284 1.7920506000518799 4
1618604353605 1.705666184425354 5
1618604353915 1.6632403135299683 6
1618604354246 1.8030943870544434 7
1618604354588 1.7952892780303955 8
1618604357597 1.8542168140411377 0
1618604357920 14.93439769744873 1
1618604358236 3.8484787940979004 2
1618604358569 1.8044853210449219 3
1618604359018 1.7966912984848022 4
1618604359331 1.7957122325897217 5
1618604359650 1.7995119094848633 6
1618604360001 1.789219856262207 7
1618604364291 1.7759740352630615 0
1618604365462 6.035490989685059 1
1618604365833 3.366365909576416 2
1618604366228 3.042403221130371 3
1618604366652 2.2288732528686523 4
1618604367111 1.8157933950424194 5
1618604367569 1.6755081415176392 6
1618604368010 1.6297216415405273 7
1618604368458 1.6252834796905518 8
1618604372031 1.8099908828735352 0
1618604372472 10.239096641540527 1
1618604372946 7.993636131286621 2
1618604373415 5.154082298278809 3
1618604373906 4.039226055145264 4
1618604374348 2.649656295776367 5
1618604374886 1.8450099229812622 6
1618604375367 1.7685139179229736 7
1618604375877 1.7512354850769043 8
1618604379378 1.7917214632034302 0
1618604379814 16.296405792236328 1
1618604380271 6.995975017547607 2
1618604380754 8.684090614318848 3
1618604381273 5.319772720336914 4
1618604381736 2.4411826133728027 5
1618604382218 1.7014167308807373 6
1618604382691 1.4348244667053223 7
1618604383164 1.4961743354797363 8
1618604383775 1.5307033061981201 9
1618604387250 1.8484480381011963 0
1618604387624 19.26419448852539 1
1618604388044 10.78580379486084 2
1618604389336 6.623356819152832 3
1618604389704 3.635721445083618 4
1618604390099 2.4933230876922607 5
1618604390563 1.9247775077819824 6
1618604391027 1.661071538925171 7
1618604391471 1.6057608127593994 8
1618604391902 1.6095263957977295 9
1618604395855 1.7990093231201172 0
1618604396313 8.55232048034668 1
1618604396779 4.771548271179199 2
1618604397250 4.2360758781433105 3
1618604397722 2.5700137615203857 4
1618604398178 1.9903002977371216 5
1618604398628 1.8306024074554443 6
1618604399099 1.7499778270721436 7
1618604399572 1.7339870929718018 8
1618604400009 1.7307426929473877 9
1618604404128 1.9277193546295166 0
1618604404745 2.5224828720092773 1
1618604405032 1.7077637910842896 2
1618604405353 1.605973243713379 3
1618604405748 1.486588954925537 4
1618604406103 1.1329785585403442 5
1618604406439 0.9415524005889893 6
1618604406794 0.7349353432655334 7
1618604407133 0.5016117095947266 8
1618604409548 1.8522125482559204 0
1618604409830 2.5720248222351074 1
1618604410168 2.255436420440674 2
1618604410547 1.7781462669372559 3
1618604410944 1.1125891208648682 4
1618604411291 0.9140613675117493 5
1618604411664 0.8135087490081787 6
1618604411993 0.6671739220619202 7
1618604412317 0.3369165360927582 8
1618604412658 0.30569925904273987 9
1618604415174 2.2568893432617188 0
1618604415480 4.209779262542725 1
1618604415828 2.378941059112549 2
1618604416210 1.4668197631835938 3
1618604416589 1.3522651195526123 4
1618604416958 1.2472341060638428 5
1618604417309 1.0282196998596191 6
1618604417688 0.9481218457221985 7
1618604418062 0.573570966720581 8
1618604420682 2.0465235710144043 0
1618604420961 2.915410280227661 1
1618604421263 2.7849912643432617 2
1618604421603 1.690542459487915 3
1618604421948 1.4786584377288818 4
1618604422278 1.3748817443847656 5
1618604422618 1.3225646018981934 6
1618604422959 0.8245923519134521 7
1618604423291 0.821207582950592 8
1618604423610 0.42706218361854553 9
1618604426244 2.1329033374786377 0
1618604426541 1.9520838260650635 1
1618604426879 1.922264575958252 2
1618604427196 1.7154680490493774 3
1618604427530 1.2488943338394165 4
1618604427912 1.1627275943756104 5
1618604428275 0.8880140781402588 6
1618604428622 0.5575620532035828 7
1618604431550 1.9407025575637817 0
1618604431834 3.58893084526062 1
1618604432126 2.354414701461792 2
1618604432812 2.352130889892578 3
1618604433116 2.2780675888061523 4
1618604433453 1.9014569520950317 5
1618604433807 1.6162424087524414 6
1618604434147 1.5620074272155762 7
1618604434496 1.5525012016296387 8
1618604434850 1.560579776763916 9
1618604437241 1.9116746187210083 0
1618604437573 2.6118221282958984 1
1618604437926 2.3524303436279297 2
1618604438255 1.7672876119613647 3
1618604438615 1.5475828647613525 4
1618604438952 1.6210262775421143 5
1618604439274 1.6206209659576416 6
1618604441690 1.9356179237365723 0
1618604442002 2.3101768493652344 1
1618604442301 2.1078011989593506 2
1618604442651 1.6236143112182617 3
1618604442975 1.5684516429901123 4
1618604443303 1.6089234352111816 5
1618604443624 1.5972449779510498 6
1618604443945 1.5545687675476074 7
1618604444268 1.488093614578247 8
1618604444593 1.413039207458496 9
1618604446778 2.1629860401153564 0
1618604447048 1.7734031677246094 1
1618604447331 1.6460013389587402 2
1618604447672 1.5513496398925781 3
1618604447982 1.5231505632400513 4
1618604448287 1.4807658195495605 5
1618604448632 1.3998923301696777 6
1618604448959 1.320659875869751 7
1618604449278 1.2353081703186035 8
1618604449608 1.170886516571045 9
1618604452198 1.9226608276367188 0
1618604452520 3.114287853240967 1
1618604452885 2.0318098068237305 2
1618604453245 2.0053277015686035 3
1618604453597 1.8257471323013306 4
1618604453936 1.670663595199585 5
1618604454267 1.570631742477417 6
1618604454619 1.5227330923080444 7
1618604454987 1.4918138980865479 8
1618604455410 1.4837489128112793 9
1618604458271 1.7898485660552979 0
1618604458963 1.9478684663772583 1
1618604459241 1.723121166229248 2
1618604459585 1.6106131076812744 3
1618604459932 1.456756830215454 4
1618604460298 1.4271923303604126 5
1618604460683 1.4139481782913208 6
1618604461060 1.3509719371795654 7
1618604461450 1.149767279624939 8
1618604464260 1.842942476272583 0
1618604464584 1.542250156402588 1
1618604464904 1.4803935289382935 2
1618604465241 1.3736286163330078 3
1618604465584 1.3483655452728271 4
1618604465936 1.1194486618041992 5
1618604466280 1.0177016258239746 6
1618604466652 0.7802721261978149 7
1618604466973 0.7247594594955444 8
1618604467326 0.6111329793930054 9
1618604470019 1.8599539995193481 0
1618604470307 1.820387601852417 1
1618604470625 1.692108154296875 2
1618604470913 1.508277416229248 3
1618604471240 1.5388580560684204 4
1618604471590 1.4592112302780151 5
1618604471940 1.472231388092041 6
1618604472310 1.3342539072036743 7
1618604472703 1.2290074825286865 8
1618604475449 1.8107150793075562 0
1618604475784 1.9436639547348022 1
1618604476179 1.891287088394165 2
1618604476603 1.6864566802978516 3
1618604476992 1.580244541168213 4
1618604477384 1.4496095180511475 5
1618604477778 1.3622071743011475 6
1618604478152 1.3032697439193726 7
1618604478534 1.241220474243164 8
1618604481253 1.7811565399169922 0
1618604481577 1.7460232973098755 1
1618604481895 1.7136552333831787 2
1618604482261 1.6717402935028076 3
1618604482669 1.5746448040008545 4
1618604483058 1.3844599723815918 5
1618604483444 1.5001649856567383 6
1618604483843 1.416134238243103 7
1618604484215 1.3243308067321777 8
1618604487340 2.4939382076263428 0
