1618585308289 1.8984535932540894 0
1618585308616 5.72984504699707 1
1618585308952 1.7494537830352783 2
1618585309282 1.7791633605957031 3
1618585309589 1.7396857738494873 4
1618585310624 1.7017098665237427 5
1618585311029 1.583364486694336 6
1618585311350 1.5061075687408447 7
1618585311682 1.3847848176956177 8
1618585315554 1.8967807292938232 0
1618585316036 6.530588150024414 1
1618585316543 2.646815299987793 2
1618585317065 1.7848401069641113 3
1618585317568 1.789400577545166 4
1618585318117 1.78226900100708 5
1618585318588 1.7726421356201172 6
1618585319078 2.0458202362060547 7
1618585319576 1.776929259300232 8
1618585325678 1.9250643253326416 0
1618585326099 11.78693962097168 1
1618585326548 1.9409891366958618 2
1618585327051 1.7753815650939941 3
1618585327514 1.7462456226348877 4
1618585327952 1.7319295406341553 5
1618585328445 1.7149637937545776 6
1618585328957 1.7446930408477783 7
1618585329409 1.7177841663360596 8
1618585329868 1.5708370208740234 9
1618585335994 1.7964457273483276 0
1618585336404 21.805076599121094 1
1618585336837 6.659564971923828 2
1618585337301 1.850670337677002 3
1618585337753 1.651639699935913 4
1618585338202 1.6507372856140137 5
1618585338643 1.6256115436553955 6
1618585339120 1.5925555229187012 7
1618585339590 1.5081278085708618 8
1618585344221 1.8325387239456177 0
1618585344601 33.77544403076172 1
1618585345024 10.812430381774902 2
1618585345442 2.9416353702545166 3
1618585345888 1.8005335330963135 4
1618585346413 1.7921185493469238 5
1618585346861 1.7910645008087158 6
1618585347328 1.787219524383545 7
1618585347790 1.7933701276779175 8
1618585348259 1.7854061126708984 9
1618585357488 1.8100746870040894 0
1618585357892 5.244936466217041 1
1618585358280 7.13594388961792 2
1618585358689 6.722278118133545 3
1618585359099 4.312252521514893 4
1618585359496 2.6351993083953857 5
1618585359922 2.108633518218994 6
1618585360394 1.8748810291290283 7
1618585360999 1.7091957330703735 8
1618585361536 1.6763309240341187 9
1618585388256 1.8192074298858643 0
1618585388681 3.506734848022461 1
1618585389088 4.873263835906982 2
1618585389533 3.591857433319092 3
1618585389921 2.3907036781311035 4
1618585390340 1.769881248474121 5
1618585390775 1.65617036819458 6
1618585391202 1.607085108757019 7
1618585391632 1.562645435333252 8
1618585392041 1.5786826610565186 9
1618585396598 1.7709370851516724 0
1618585397237 4.412774085998535 1
1618585397982 5.782134532928467 2
1618585398678 4.447291374206543 3
1618585399347 2.1704163551330566 4
1618585399986 1.8907356262207031 5
1618585400594 1.7524278163909912 6
1618585401228 1.6828489303588867 7
1618585401975 1.5890917778015137 8
1618585402698 1.6204220056533813 9
1618585408647 1.7759079933166504 0
1618585409165 8.630655288696289 1
1618585409711 11.943553924560547 2
1618585410280 7.8658647537231445 3
1618585410836 4.590979099273682 4
1618585411378 2.6678056716918945 5
1618585411900 1.9383701086044312 6
1618585412452 1.7776768207550049 7
1618585412970 1.7229013442993164 8
1618585413535 1.6999173164367676 9
1618585423126 1.7741289138793945 0
1618585423498 5.153171539306641 1
1618585423901 6.979414463043213 2
1618585425278 5.0372395515441895 3
1618585425674 3.2325825691223145 4
1618585426066 1.9721920490264893 5
1618585426525 1.6761221885681152 6
1618585426928 1.7068134546279907 7
1618585427344 1.7312452793121338 8
1618585427800 1.7452954053878784 9
1618585432710 2.345388889312744 0
1618585433522 2.6015381813049316 1
1618585433903 2.6303176879882812 2
1618585434297 2.3016066551208496 3
1618585434713 1.8107795715332031 4
1618585435123 1.4708442687988281 5
1618585435538 1.1745916604995728 6
1618585435957 1.0188478231430054 7
1618585436352 0.7490508556365967 8
1618585436751 0.6033337712287903 9
1618585441018 2.0467920303344727 0
1618585441364 3.572434902191162 1
1618585441750 2.509812831878662 2
1618585442144 1.8066799640655518 3
1618585442531 1.4929704666137695 4
1618585442953 1.3862411975860596 5
1618585443380 1.173853874206543 6
1618585443834 0.8375875949859619 7
1618585444253 0.558773398399353 8
1618585444699 0.34533369541168213 9
1618585451795 1.8513622283935547 0
1618585452190 4.014335632324219 1
1618585452592 2.8728718757629395 2
1618585452983 1.700877070426941 3
1618585477268 2.0454771518707275 4
1618585477563 1.382201075553894 5
1618585477848 1.3821492195129395 6
1618585478177 1.0023537874221802 7
1618585478501 1.058060884475708 8
1618585478816 0.714936375617981 9
1618585482092 1.7589592933654785 0
1618585482416 2.687849521636963 1
1618585482743 1.5587866306304932 2
1618585483063 1.476676106452942 3
1618585483370 1.2414699792861938 4
1618585483687 1.035443902015686 5
1618585483985 0.6077687740325928 6
1618585484305 0.49512624740600586 7
1618585484636 0.2509356141090393 8
1618585487739 1.922666072845459 0
1618585488110 2.7572145462036133 1
1618585488434 2.105980396270752 2
1618585488748 1.524997353553772 3
1618585489071 1.2441827058792114 4
1618585489395 1.2046796083450317 5
1618585489704 0.8561144471168518 6
1618585490026 0.6648006439208984 7
1618585490350 0.41289079189300537 8
1618585490688 0.28301095962524414 9
1618585493785 1.9649937152862549 0
1618585494066 2.6048078536987305 1
1618585494351 2.023425579071045 2
1618585494643 1.8239526748657227 3
1618585494930 1.6592086553573608 4
1618585495218 1.543097972869873 5
1618585495519 1.4641273021697998 6
1618585497940 1.8552550077438354 0
1618585498240 2.5564780235290527 1
1618585498589 2.2935609817504883 2
1618585498912 1.7988744974136353 3
1618585499337 1.4046533107757568 4
1618585499789 1.4848562479019165 5
1618585500169 1.5364547967910767 6
1618585500546 1.4346532821655273 7
1618585500895 1.309676170349121 8
1618585503625 1.880865216255188 0
1618585503916 2.1395397186279297 1
1618585504231 1.7934397459030151 2
1618585504555 1.6344115734100342 3
1618585504867 1.5322635173797607 4
1618585505225 1.4884932041168213 5
1618585505584 1.4433085918426514 6
1618585505935 1.3747227191925049 7
1618585506273 1.2807743549346924 8
1618585506660 1.2069494724273682 9
1618585509597 1.9283751249313354 0
1618585509893 2.1374356746673584 1
1618585510610 2.0130257606506348 2
1618585510913 1.9051018953323364 3
1618585511275 1.7259728908538818 4
1618585511650 1.524470329284668 5
1618585512006 1.38301682472229 6
1618585512450 1.2843958139419556 7
1618585512855 1.2238438129425049 8
1618585513231 1.1819872856140137 9
1618585516170 1.8908536434173584 0
1618585516478 2.046860933303833 1
1618585516814 1.7583491802215576 2
1618585517204 1.6800041198730469 3
1618585517648 1.5951313972473145 4
1618585518100 1.4753916263580322 5
1618585518541 1.4069712162017822 6
1618585518945 1.3534663915634155 7
1618585519375 1.2516920566558838 8
1618585519789 1.1105477809906006 9
1618585523455 1.8241050243377686 0
1618585523805 1.6781799793243408 1
1618585524188 1.5674852132797241 2
1618585524673 1.4068039655685425 3
1618585525160 1.356926679611206 4
1618585525590 1.2149665355682373 5
1618585526037 0.9910245537757874 6
1618585530516 1.8135645389556885 0
1618585530912 1.7630891799926758 1
1618585531365 1.606316089630127 2
1618585531904 1.6384512186050415 3
1618585532429 1.4907677173614502 4
1618585532914 1.2545424699783325 5
1618585533923 1.2609097957611084 6
1618585534254 1.1675750017166138 7
1618585534602 0.9807817935943604 8
1618585534982 0.8807572722434998 9
1618585538035 1.7776832580566406 0
1618585538371 1.7314550876617432 1
1618585538708 1.6800178289413452 2
1618585539087 1.3708456754684448 3
1618585539480 1.278017520904541 4
1618585539871 1.2197397947311401 5
1618585540296 1.0417760610580444 6
1618585540669 0.9459491968154907 7
1618585541017 0.8307456970214844 8
1618585541383 0.628254234790802 9
1618585544564 1.8186583518981934 0
1618585544947 1.7191100120544434 1
1618585545311 1.638892412185669 2
1618585545845 1.5444231033325195 3
1618585546368 1.4537353515625 4
1618585546847 1.297911286354065 5
1618585547280 1.2439476251602173 6
1618585550267 1.7687413692474365 0
1618585550632 1.720100998878479 1
1618585550949 1.5361716747283936 2
1618585551287 1.4267734289169312 3
1618585551642 1.2978473901748657 4
1618585552022 1.0553950071334839 5
1618585552483 1.0536712408065796 6
1618585552878 0.9940482974052429 7
1618585553262 0.6957462430000305 8
1618585553642 0.5866982340812683 9
1618585556341 1.8313339948654175 0
