1618602890409 0.3125 0
1618602890748 0.3125 1
1618602891071 0.1875 2
1618602891961 0.25 3
1618602892302 0.3125 4
1618602892642 0.3125 5
1618602892964 0.1875 6
1618602893320 0.1875 7
1618602893655 0.1875 8
1618602896923 0.3125 0
1618602897276 0.3125 1
1618602897616 0.3125 2
1618602897952 0.1875 3
1618602898282 0.1875 4
1618602898618 0.3125 5
1618602898969 0.3125 6
1618602899332 0.3125 7
1618602899684 0.375 8
1618602902877 0.1875 0
1618602903193 0.3125 1
1618602904143 0.1875 2
1618602904459 0.125 3
1618602904775 0.125 4
1618602905090 0.25 5
1618602905413 0.125 6
1618602905735 0.125 7
1618602906186 0.1875 8
1618602909245 0.25 0
1618602909560 0.3125 1
1618602909897 0.25 2
1618602910231 0.1875 3
1618602910571 0.3125 4
1618602910896 0.375 5
1618602911212 0.3125 6
1618602911524 0.25 7
1618602914765 0.0625 0
1618602915094 0.3125 1
1618602915402 0.1875 2
1618602915741 0.0625 3
1618602916089 0.375 4
1618602916433 0.3125 5
1618602916798 0.3125 6
1618602917228 0.3125 7
1618602917629 0.3125 8
1618602922211 0.0625 0
1618602923493 0.3125 1
1618602923874 0.25 2
1618602924275 0.1875 3
1618602924664 0.375 4
1618602925079 0.1875 5
1618602925527 0.375 6
1618602925989 0.3125 7
1618602929749 0.1875 0
1618602930131 0.3125 1
1618602930524 0.1875 2
1618602930942 0.1875 3
1618602931391 0.3125 4
1618602931862 0.25 5
1618602932350 0.25 6
1618602932867 0.625 7
1618602936885 0.1875 0
1618602937292 0.3125 1
1618602962334 0.1875 2
1618602962735 0.25 3
1618602963138 0.3125 4
1618602963524 0.5625 5
1618602963922 0.5 6
1618602964288 0.5 7
1618602964651 0.6875 8
1618602968258 0.125 0
1618602968635 0.3125 1
1618602969011 0.1875 2
1618602969381 0.0625 3
1618602969768 0.125 4
1618602970148 0.25 5
1618602970526 0.25 6
1618602970907 0.25 7
1618602971273 0.5 8
1618602974861 0.3125 0
1618602975249 0.3125 1
1618602975634 0.1875 2
1618602976022 0.3125 3
1618602976401 0.25 4
1618602976785 0.1875 5
1618602977182 0.1875 6
1618602977552 0.5 7
1618602977949 0.3125 8
1618602982003 0.0625 0
1618602982306 0.4375 1
1618602982767 0.5625 2
1618602983146 0.4375 3
1618602983473 0.625 4
1618602984264 0.5625 5
1618602984585 0.75 6
1618602984917 0.9375 7
1618602985698 0.875 8
1618602989271 0.0 0
1618602989592 0.3125 1
1618602989975 0.1875 2
1618602990378 0.3125 3
1618602990765 0.3125 4
1618602991175 0.625 5
1618602991547 0.6875 6
1618602991929 0.9375 7
1618602992321 0.9375 8
1618602995379 0.125 0
1618602995666 0.3125 1
1618602995965 0.1875 2
1618602996285 0.375 3
1618602996602 0.4375 4
1618602996935 0.625 5
1618602997290 0.6875 6
1618602997625 0.6875 7
1618602997963 0.75 8
1618603000321 0.3125 0
1618603000597 0.1875 1
1618603000899 0.3125 2
1618603001229 0.375 3
1618603001551 0.5 4
1618603001880 0.3125 5
1618603002205 0.25 6
1618603002538 0.75 7
1618603002869 0.6875 8
1618603003226 0.8125 9
1618603005809 0.125 0
1618603006136 0.375 1
1618603006454 0.5 2
1618603006790 0.3125 3
1618603007127 0.625 4
1618603007457 0.6875 5
1618603007802 0.9375 6
1618603008134 0.9375 7
1618603011034 0.1875 0
1618603011633 0.3125 1
1618603011913 0.125 2
1618603012228 0.25 3
1618603012539 0.1875 4
1618603012874 0.375 5
1618603013184 0.4375 6
1618603013527 0.5 7
1618603016212 0.125 0
1618603016505 0.3125 1
1618603016823 0.25 2
1618603017177 0.625 3
1618603017545 0.5 4
1618603017921 0.375 5
1618603018324 0.375 6
1618603021102 0.1875 0
1618603021396 0.3125 1
1618603021691 0.3125 2
1618603022028 0.1875 3
1618603022388 0.1875 4
1618603022766 0.25 5
1618603023146 0.3125 6
1618603023537 0.3125 7
1618603023893 0.25 8
1618603024274 0.4375 9
1618603026940 0.1875 0
1618603027247 0.3125 1
1618603027539 0.25 2
1618603027844 0.1875 3
1618603028176 0.4375 4
1618603028514 0.3125 5
1618603028857 0.3125 6
1618603029220 0.1875 7
1618603029584 0.375 8
1618603029913 0.4375 9
1618603032606 0.3125 0
1618603032895 0.1875 1
1618603033198 0.3125 2
1618603033486 0.3125 3
1618603033809 0.3125 4
1618603034158 0.3125 5
1618603034499 0.375 6
1618603034873 0.75 7
1618603035290 0.75 8
1618603035678 0.6875 9
1618603038954 0.125 0
1618603039256 0.3125 1
1618603039574 0.3125 2
1618603039917 0.4375 3
1618603040290 0.4375 4
1618603040667 0.375 5
1618603041048 0.4375 6
1618603041433 0.6875 7
1618603044003 0.1875 0
1618603044755 0.3125 1
1618603045077 0.5 2
1618603045422 0.5 3
1618603045792 0.5 4
1618603046202 0.375 5
1618603046574 0.625 6
1618603046968 0.5625 7
1618603049650 0.125 0
1618603049985 0.3125 1
1618603050821 0.375 2
1618603051201 0.25 3
1618603051622 0.1875 4
1618603052080 0.25 5
1618603052505 0.3125 6
1618603052949 0.4375 7
1618603053377 0.625 8
1618603056398 0.25 0
1618603056721 0.3125 1
1618603057082 0.3125 2
1618603057477 0.25 3
1618603057894 0.375 4
1618603058311 0.5625 5
1618603058662 0.1875 6
1618603059027 0.5 7
1618603059374 0.6875 8
1618603062200 0.125 0
1618603062480 0.3125 1
1618603062798 0.375 2
1618603063127 0.25 3
1618603063449 0.6875 4
1618603063808 0.375 5
1618603064241 0.5625 6
1618603064608 0.625 7
1618603064974 0.6875 8
1618603067915 0.1666666716337204 0
