1618604334773 0.125 0
1618604335643 0.3125 1
1618604335947 0.25 2
1618604336251 0.0625 3
1618604336557 0.125 4
1618604336869 0.25 5
1618604337201 0.3125 6
1618604337537 0.3125 7
1618604337855 0.375 8
1618604340989 0.0625 0
1618604341307 0.3125 1
1618604341629 0.3125 2
1618604341942 0.1875 3
1618604342252 0.3125 4
1618604342579 0.3125 5
1618604342879 0.3125 6
1618604343197 0.25 7
1618604346261 0.1875 0
1618604346574 0.3125 1
1618604346906 0.1875 2
1618604347226 0.3125 3
1618604347546 0.125 4
1618604347861 0.25 5
1618604348182 0.125 6
1618604348515 0.1875 7
1618604348821 0.1875 8
1618604351989 0.1875 0
1618604352310 0.3125 1
1618604352640 0.3125 2
1618604352964 0.25 3
1618604353284 0.1875 4
1618604353605 0.375 5
1618604353915 0.4375 6
1618604354246 0.3125 7
1618604354588 0.0 8
1618604357597 0.0625 0
1618604357920 0.3125 1
1618604358236 0.25 2
1618604358569 0.125 3
1618604359018 0.125 4
1618604359331 0.1875 5
1618604359650 0.0625 6
1618604360001 0.1875 7
1618604364291 0.25 0
1618604365462 0.3125 1
1618604365833 0.1875 2
1618604366228 0.1875 3
1618604366652 0.1875 4
1618604367111 0.375 5
1618604367569 0.375 6
1618604368010 0.5 7
1618604368458 0.5 8
1618604372031 0.25 0
1618604372472 0.3125 1
1618604372946 0.125 2
1618604373415 0.1875 3
1618604373906 0.125 4
1618604374348 0.25 5
1618604374886 0.1875 6
1618604375367 0.125 7
1618604375877 0.1875 8
1618604379378 0.1875 0
1618604379814 0.3125 1
1618604380271 0.3125 2
1618604380754 0.125 3
1618604381273 0.1875 4
1618604381736 0.25 5
1618604382218 0.3125 6
1618604382691 0.5 7
1618604383164 0.3125 8
1618604383775 0.3125 9
1618604387250 0.125 0
1618604387624 0.3125 1
1618604388044 0.25 2
1618604389336 0.125 3
1618604389704 0.1875 4
1618604390099 0.1875 5
1618604390563 0.25 6
1618604391027 0.25 7
1618604391471 0.3125 8
1618604391902 0.4375 9
1618604395855 0.25 0
1618604396313 0.3125 1
1618604396779 0.1875 2
1618604397250 0.1875 3
1618604397722 0.25 4
1618604398178 0.25 5
1618604398628 0.1875 6
1618604399099 0.25 7
1618604399572 0.3125 8
1618604400009 0.375 9
1618604404128 0.25 0
1618604404745 0.3125 1
1618604405032 0.1875 2
1618604405353 0.5 3
1618604405748 0.4375 4
1618604406103 0.625 5
1618604406439 0.625 6
1618604406794 0.75 7
1618604407133 1.0 8
1618604409548 0.125 0
1618604409830 0.3125 1
1618604410168 0.375 2
1618604410547 0.5 3
1618604410944 0.6875 4
1618604411291 0.875 5
1618604411664 0.75 6
1618604411993 0.625 7
1618604412317 1.0 8
1618604412658 0.9375 9
1618604415174 0.0625 0
1618604415480 0.3125 1
1618604415828 0.25 2
1618604416210 0.4375 3
1618604416589 0.5625 4
1618604416958 0.4375 5
1618604417309 0.75 6
1618604417688 0.75 7
1618604418062 0.9375 8
1618604420682 0.25 0
1618604420961 0.3125 1
1618604421263 0.1875 2
1618604421603 0.375 3
1618604421948 0.375 4
1618604422278 0.5 5
1618604422618 0.5 6
1618604422959 0.75 7
1618604423291 0.8125 8
1618604423610 1.0 9
1618604426244 0.0625 0
1618604426541 0.3125 1
1618604426879 0.25 2
1618604427196 0.5 3
1618604427530 0.75 4
1618604427912 0.75 5
1618604428275 0.75 6
1618604428622 0.875 7
1618604431550 0.125 0
1618604431834 0.3125 1
1618604432126 0.3125 2
1618604432812 0.25 3
1618604433116 0.375 4
1618604433453 0.375 5
1618604433807 0.375 6
1618604434147 0.5 7
1618604434496 0.1875 8
1618604434850 0.4375 9
1618604437241 0.3125 0
1618604437573 0.1875 1
1618604437926 0.1875 2
1618604438255 0.4375 3
1618604438615 0.3125 4
1618604438952 0.3125 5
1618604439274 0.3125 6
1618604441690 0.1875 0
1618604442002 0.3125 1
1618604442301 0.1875 2
1618604442651 0.1875 3
1618604442975 0.1875 4
1618604443303 0.1875 5
1618604443624 0.25 6
1618604443945 0.5625 7
1618604444268 0.5625 8
1618604444593 0.5 9
1618604446778 0.0625 0
1618604447048 0.3125 1
1618604447331 0.3125 2
1618604447672 0.4375 3
1618604447982 0.5 4
1618604448287 0.375 5
1618604448632 0.4375 6
1618604448959 0.625 7
1618604449278 0.5625 8
1618604449608 0.5625 9
1618604452198 0.1875 0
1618604452520 0.3125 1
1618604452885 0.4375 2
1618604453245 0.3125 3
1618604453597 0.25 4
1618604453936 0.375 5
1618604454267 0.1875 6
1618604454619 0.375 7
1618604454987 0.375 8
1618604455410 0.375 9
1618604458271 0.3125 0
1618604458963 0.3125 1
1618604459241 0.3125 2
1618604459585 0.25 3
1618604459932 0.625 4
1618604460298 0.3125 5
1618604460683 0.3125 6
1618604461060 0.4375 7
1618604461450 0.5 8
1618604464260 0.125 0
1618604464584 0.375 1
1618604464904 0.375 2
1618604465241 0.375 3
1618604465584 0.5 4
1618604465936 0.6875 5
1618604466280 0.625 6
1618604466652 0.875 7
1618604466973 0.75 8
1618604467326 0.9375 9
1618604470019 0.0625 0
1618604470307 0.3125 1
1618604470625 0.25 2
1618604470913 0.5 3
1618604471240 0.375 4
1618604471590 0.375 5
1618604471940 0.4375 6
1618604472310 0.375 7
1618604472703 0.6875 8
1618604475449 0.0625 0
1618604475784 0.3125 1
1618604476179 0.1875 2
1618604476603 0.25 3
1618604476992 0.5 4
1618604477384 0.3125 5
1618604477778 0.375 6
1618604478152 0.5625 7
1618604478534 0.5 8
1618604481253 0.25 0
1618604481577 0.3125 1
1618604481895 0.3125 2
1618604482261 0.3125 3
1618604482669 0.3125 4
1618604483058 0.4375 5
1618604483444 0.3125 6
1618604483843 0.4375 7
1618604484215 0.5 8
1618604487346 0.25 0
