1618599596056 0.25 0
1618599597040 0.3125 1
1618599597373 0.1875 2
1618599597721 0.125 3
1618599598093 0.375 4
1618599598456 0.375 5
1618599598811 0.3125 6
1618599599152 0.3125 7
1618599599475 0.3125 8
1618599599831 0.3125 9
1618599603305 0.0 0
1618599603730 0.5 1
1618599604137 0.25 2
1618599604561 0.25 3
1618599604948 0.3125 4
1618599605360 0.375 5
1618599605801 0.3125 6
1618599606197 0.25 7
1618599606582 0.3125 8
1618599609832 0.1875 0
1618599610283 0.3125 1
1618599610704 0.3125 2
1618599611068 0.3125 3
1618599611411 0.1875 4
1618599611795 0.25 5
1618599612224 0.1875 6
1618599612683 0.1875 7
1618599613136 0.25 8
1618599617121 0.0625 0
1618599617514 0.25 1
1618599617966 0.375 2
1618599618426 0.25 3
1618599618878 0.3125 4
1618599619353 0.3125 5
1618599619840 0.3125 6
1618599620290 0.3125 7
1618599620753 0.3125 8
1618599621201 0.3125 9
1618599625234 0.3125 0
1618599625621 0.3125 1
1618599626072 0.3125 2
1618599626523 0.25 3
1618599626965 0.1875 4
1618599627397 0.1875 5
1618599627851 0.25 6
1618599628240 0.25 7
1618599628624 0.3125 8
1618599659080 0.125 0
1618599660337 0.3125 1
1618599660706 0.3125 2
1618599661084 0.1875 3
1618599661447 0.25 4
1618599661827 0.25 5
1618599662203 0.5 6
1618599662579 0.5 7
1618599662951 0.5 8
1618599663318 0.5 9
1618599666873 0.125 0
1618599667248 0.3125 1
1618599667632 0.3125 2
1618599668053 0.1875 3
1618599668438 0.1875 4
1618599668801 0.1875 5
1618599669190 0.1875 6
1618599669579 0.375 7
1618599669972 0.3125 8
1618599670413 0.3125 9
1618599675113 0.125 0
1618599675518 0.375 1
1618599675904 0.1875 2
1618599676300 0.25 3
1618599676697 0.1875 4
1618599677075 0.375 5
1618599677445 0.375 6
1618599677826 0.375 7
1618599678204 0.375 8
1618599678593 0.3125 9
1618599682508 0.25 0
1618599682913 0.3125 1
1618599683358 0.3125 2
1618599683885 0.1875 3
1618599684392 0.25 4
1618599684901 0.125 5
1618599685398 0.125 6
1618599685883 0.5 7
1618599686374 0.3125 8
1618599686837 0.4375 9
1618599690629 0.25 0
1618599691021 0.3125 1
1618599691465 0.3125 2
1618599691932 0.1875 3
1618599692394 0.1875 4
1618599692881 0.25 5
1618599693370 0.3125 6
1618599693877 0.5 7
1618599694338 0.375 8
1618599694827 0.375 9
1618599698930 0.125 0
1618599699646 0.3125 1
1618599699935 0.3125 2
1618599700259 0.375 3
1618599700574 0.625 4
1618599700894 0.3125 5
1618599701258 0.6875 6
1618599701634 0.75 7
1618599701987 0.8125 8
1618599702345 0.875 9
1618599704999 0.0625 0
1618599705299 0.5 1
1618599705596 0.5 2
1618599705916 0.4375 3
1618599706267 0.5625 4
1618599706609 0.5625 5
1618599706945 0.6875 6
1618599707329 0.75 7
1618599707714 0.875 8
1618599708085 0.9375 9
1618599711045 0.25 0
1618599711352 0.3125 1
1618599711790 0.4375 2
1618599712245 0.3125 3
1618599712744 0.4375 4
1618599713147 0.4375 5
1618599713919 0.75 6
1618599714231 0.8125 7
1618599714556 0.9375 8
1618599714885 0.9375 9
1618599717583 0.25 0
1618599717997 0.3125 1
1618599718423 0.375 2
1618599718795 0.3125 3
1618599719152 0.625 4
1618599719511 0.5 5
1618599719851 0.5 6
1618599720186 0.875 7
1618599720516 0.875 8
1618599720851 1.0 9
1618599723435 0.375 0
1618599723756 0.375 1
1618599724180 0.3125 2
1618599724589 0.4375 3
1618599724991 0.625 4
1618599725409 0.5625 5
1618599725801 0.75 6
1618599726162 1.0 7
1618599729293 0.1875 0
1618599729936 0.3125 1
1618599730295 0.3125 2
1618599730708 0.375 3
1618599731134 0.25 4
1618599731542 0.1875 5
1618599731922 0.5625 6
1618599732314 0.5625 7
1618599732701 0.4375 8
1618599733084 0.5625 9
1618599735990 0.3125 0
1618599736307 0.3125 1
1618599736654 0.3125 2
1618599737013 0.3125 3
1618599737397 0.375 4
1618599737777 0.6875 5
1618599738153 0.4375 6
1618599740986 0.125 0
1618599741300 0.3125 1
1618599741638 0.3125 2
1618599742000 0.5625 3
1618599742360 0.375 4
1618599742737 0.375 5
1618599743139 0.4375 6
1618599743511 0.5 7
1618599743890 0.5625 8
1618599744296 0.5 9
1618599747041 0.0 0
1618599747343 0.4375 1
1618599747656 0.4375 2
1618599747983 0.6875 3
1618599748362 0.5625 4
1618599748729 0.5 5
1618599749109 0.5625 6
1618599751853 0.3125 0
1618599752182 0.375 1
1618599752491 0.375 2
1618599752804 0.3125 3
1618599753119 0.4375 4
1618599753456 0.625 5
1618599753805 0.6875 6
1618599756881 0.25 0
1618599757540 0.3125 1
1618599757837 0.375 2
1618599758149 0.375 3
1618599758478 0.6875 4
1618599758806 0.625 5
1618599759139 0.5625 6
1618599759519 0.5625 7
1618599762415 0.125 0
1618599762709 0.3125 1
1618599763043 0.3125 2
1618599763408 0.3125 3
1618599763773 0.625 4
1618599764149 0.5 5
1618599764582 0.5 6
1618599764969 0.6875 7
1618599767886 0.125 0
1618599768201 0.25 1
1618599768524 0.3125 2
1618599768890 0.3125 3
1618599769279 0.375 4
1618599769658 0.375 5
1618599770021 0.5 6
1618599770393 0.8125 7
1618599770758 0.75 8
1618599771117 0.4375 9
1618599773867 0.0625 0
1618599774174 0.375 1
1618599774477 0.4375 2
1618599774820 0.4375 3
1618599775157 0.5625 4
1618599775512 0.5 5
1618599775871 0.5 6
1618599778672 0.0625 0
1618599778968 0.375 1
1618599779300 0.375 2
1618599779616 0.5 3
1618599779945 0.375 4
1618599780319 0.625 5
1618599780672 0.5625 6
1618599781039 0.625 7
1618599781440 0.5625 8
1618599783916 0.0833333358168602 0
