1618599596056 1.7691819667816162 0
1618599597040 32.300537109375 1
1618599597373 5.270729064941406 2
1618599597721 1.7834025621414185 3
1618599598093 1.6318550109863281 4
1618599598456 2.116156578063965 5
1618599598811 1.626468300819397 6
1618599599152 1.666571855545044 7
1618599599475 1.6433364152908325 8
1618599599831 1.5999083518981934 9
1618599603305 1.9197399616241455 0
1618599603730 17.282001495361328 1
1618599604137 3.8016345500946045 2
1618599604561 1.7625319957733154 3
1618599604948 1.7586238384246826 4
1618599605360 1.6715326309204102 5
1618599605801 1.6136502027511597 6
1618599606197 1.785267949104309 7
1618599606582 1.5714008808135986 8
1618599609832 1.8223835229873657 0
1618599610283 8.876518249511719 1
1618599610704 2.622354030609131 2
1618599611068 1.7672216892242432 3
1618599611411 1.7664058208465576 4
1618599611795 1.753596305847168 5
1618599612224 1.7383537292480469 6
1618599612683 1.721677541732788 7
1618599613136 1.7089216709136963 8
1618599617121 1.7782797813415527 0
1618599617514 59.46363067626953 1
1618599617966 18.072208404541016 2
1618599618426 3.7794923782348633 3
1618599618878 1.7409154176712036 4
1618599619353 1.738572359085083 5
1618599619840 1.635022759437561 6
1618599620290 1.641961932182312 7
1618599620753 1.544762372970581 8
1618599621201 1.4702330827713013 9
1618599625234 1.8942759037017822 0
1618599625621 42.442893981933594 1
1618599626072 4.183696746826172 2
1618599626523 1.77275812625885 3
1618599626965 1.7755522727966309 4
1618599627397 1.7654657363891602 5
1618599627851 1.7512186765670776 6
1618599628240 1.7346045970916748 7
1618599628624 1.7194026708602905 8
1618599659080 1.7901830673217773 0
1618599660337 3.9298157691955566 1
1618599660706 4.952928066253662 2
1618599661084 3.009443759918213 3
1618599661447 1.7448495626449585 4
1618599661827 1.532090187072754 5
1618599662203 1.533628225326538 6
1618599662579 1.5419996976852417 7
1618599662951 1.4835236072540283 8
1618599663318 1.45200514793396 9
1618599666873 1.7930655479431152 0
1618599667248 5.0618462562561035 1
1618599667632 4.905583381652832 2
1618599668053 3.8503270149230957 3
1618599668438 2.31933856010437 4
1618599668801 1.8240059614181519 5
1618599669190 1.726205825805664 6
1618599669579 1.6849421262741089 7
1618599669972 1.6322758197784424 8
1618599670413 1.5144450664520264 9
1618599675113 1.7983956336975098 0
1618599675518 10.495078086853027 1
1618599675904 15.62124252319336 2
1618599676300 7.9278883934021 3
1618599676697 5.690681457519531 4
1618599677075 2.9125521183013916 5
1618599677445 1.807544469833374 6
1618599677826 1.443298578262329 7
1618599678204 1.4948005676269531 8
1618599678593 1.4592647552490234 9
1618599682508 1.760989785194397 0
1618599682913 8.403668403625488 1
1618599683358 9.85000228881836 2
1618599683885 7.466913223266602 3
1618599684392 3.5380191802978516 4
1618599684901 2.279412031173706 5
1618599685398 1.6730008125305176 6
1618599685883 1.4749350547790527 7
1618599686374 1.5660841464996338 8
1618599686837 1.5872610807418823 9
1618599690629 1.7709813117980957 0
1618599691021 6.354290962219238 1
1618599691465 6.202826499938965 2
1618599691932 4.169690132141113 3
1618599692394 2.3438992500305176 4
1618599692881 1.890522837638855 5
1618599693370 1.7366886138916016 6
1618599693877 1.653713345527649 7
1618599694338 1.627695918083191 8
1618599694827 1.5849106311798096 9
1618599698930 2.0984771251678467 0
1618599699646 2.826716423034668 1
1618599699935 2.1949517726898193 2
1618599700259 1.564046025276184 3
1618599700574 1.2389651536941528 4
1618599700894 1.3161214590072632 5
1618599701258 1.0802664756774902 6
1618599701634 0.9438357949256897 7
1618599701987 0.7861332893371582 8
1618599702345 0.6062848567962646 9
1618599704999 2.4547154903411865 0
1618599705299 1.9372689723968506 1
1618599705596 1.9304255247116089 2
1618599705916 1.5137927532196045 3
1618599706267 1.2149462699890137 4
1618599706609 1.0222446918487549 5
1618599706945 0.9822109341621399 6
1618599707329 0.682828426361084 7
1618599707714 0.47958314418792725 8
1618599708085 0.3399859666824341 9
1618599711045 1.669174075126648 0
1618599711352 3.822627544403076 1
1618599711790 1.981824517250061 2
1618599712245 1.526151180267334 3
1618599712744 1.2500500679016113 4
1618599713147 1.3161723613739014 5
1618599713919 0.9595431089401245 6
1618599714231 1.0642096996307373 7
1618599714556 0.7114084959030151 8
1618599714885 0.5032529830932617 9
1618599717583 1.622711420059204 0
1618599717997 2.948276996612549 1
1618599718423 2.0288515090942383 2
1618599718795 1.453637719154358 3
1618599719152 1.16157865524292 4
1618599719511 1.1231138706207275 5
1618599719851 1.0013506412506104 6
1618599720186 0.7989355325698853 7
1618599720516 0.6085278987884521 8
1618599720851 0.3509226441383362 9
1618599723435 1.5538852214813232 0
1618599723756 1.5381672382354736 1
1618599724180 1.3433864116668701 2
1618599724589 1.371939778327942 3
1618599724991 1.1418087482452393 4
1618599725409 0.9417896866798401 5
1618599725801 0.6492876410484314 6
1618599726162 0.4728892743587494 7
1618599729293 1.809942603111267 0
1618599729936 2.131289005279541 1
1618599730295 1.7737189531326294 2
1618599730708 1.5116240978240967 3
1618599731134 1.4422187805175781 4
1618599731542 1.3573533296585083 5
1618599731922 1.2877013683319092 6
1618599732314 1.2337284088134766 7
1618599732701 1.1751102209091187 8
1618599733084 1.1136151552200317 9
1618599735990 1.9259153604507446 0
1618599736307 1.9027080535888672 1
1618599736654 1.5922627449035645 2
1618599737013 1.6080238819122314 3
1618599737397 1.4577784538269043 4
1618599737777 1.3316805362701416 5
1618599738153 1.2886312007904053 6
1618599740986 2.2645134925842285 0
1618599741300 2.747594118118286 1
1618599741638 2.0252082347869873 2
1618599742000 1.9137004613876343 3
1618599742360 1.917600154876709 4
1618599742737 1.8530681133270264 5
1618599743139 1.781092643737793 6
1618599743511 1.701411247253418 7
1618599743890 1.641236662864685 8
1618599744296 1.5934375524520874 9
1618599747041 2.128429889678955 0
1618599747343 1.5213325023651123 1
1618599747656 1.4371224641799927 2
1618599747983 1.3875036239624023 3
1618599748362 1.3455475568771362 4
1618599748729 1.281440258026123 5
1618599749109 1.2199630737304688 6
1618599751853 1.6916388273239136 0
1618599752182 1.5745621919631958 1
1618599752491 1.4196445941925049 2
1618599752804 1.3625776767730713 3
1618599753119 1.2945586442947388 4
1618599753456 1.1779214143753052 5
1618599753805 1.0716192722320557 6
1618599756881 1.7786625623703003 0
1618599757540 1.954160451889038 1
1618599757837 1.6068294048309326 2
1618599758149 1.457380771636963 3
1618599758478 1.2252750396728516 4
1618599758806 1.1371691226959229 5
1618599759139 1.2356243133544922 6
1618599759519 1.1572741270065308 7
1618599762415 1.760340690612793 0
1618599762709 1.8162792921066284 1
1618599763043 1.6360316276550293 2
1618599763408 1.5381038188934326 3
1618599763773 1.3309472799301147 4
1618599764149 1.4279909133911133 5
1618599764582 1.2724592685699463 6
1618599764969 1.0487452745437622 7
1618599767886 1.812607765197754 0
1618599768201 2.0478482246398926 1
1618599768524 1.9848666191101074 2
1618599768890 1.7304205894470215 3
1618599769279 1.2895832061767578 4
1618599769658 1.6449382305145264 5
1618599770021 1.4126638174057007 6
1618599770393 0.9113094806671143 7
1618599770758 0.9365483522415161 8
1618599771117 1.211587905883789 9
1618599773867 1.8321099281311035 0
1618599774174 1.5725667476654053 1
1618599774477 1.4076740741729736 2
1618599774820 1.517202615737915 3
1618599775157 1.2819664478302002 4
1618599775512 1.1837056875228882 5
1618599775871 1.0836936235427856 6
1618599778672 1.7945878505706787 0
1618599778968 1.6734035015106201 1
1618599779300 1.489356279373169 2
1618599779616 1.4501433372497559 3
1618599779945 1.428471565246582 4
1618599780319 1.2755948305130005 5
1618599780672 1.199643611907959 6
1618599781039 1.1035401821136475 7
1618599781440 1.143843650817871 8
1618599783913 2.5748894214630127 0
