1618602354257 0.1875 0
1618602354572 0.3125 1
1618602354877 0.125 2
1618602355177 0.3125 3
1618602355471 0.1875 4
1618602355776 0.1875 5
1618602356068 0.0625 6
1618602356361 0.125 7
1618602356662 0.125 8
1618602356951 0.1875 9
1618602359596 0.125 0
1618602359909 0.375 1
1618602360221 0.25 2
1618602361062 0.0625 3
1618602361367 0.25 4
1618602361677 0.1875 5
1618602361975 0.25 6
1618602362283 0.1875 7
1618602362587 0.1875 8
1618602362895 0.125 9
1618602365530 0.125 0
1618602365843 0.3125 1
1618602366153 0.1875 2
1618602366452 0.25 3
1618602366760 0.125 4
1618602367056 0.1875 5
1618602367362 0.3125 6
1618602367671 0.3125 7
1618602367967 0.25 8
1618602368262 0.25 9
1618602370929 0.25 0
1618602371231 0.1875 1
1618602371532 0.1875 2
1618602371844 0.3125 3
1618602372148 0.25 4
1618602372450 0.25 5
1618602372750 0.25 6
1618602373044 0.25 7
1618602373340 0.25 8
1618602373635 0.25 9
1618602376342 0.0625 0
1618602376654 0.125 1
1618602376966 0.1875 2
1618602377267 0.1875 3
1618602377571 0.1875 4
1618602377888 0.25 5
1618602378218 0.3125 6
1618602378591 0.25 7
1618602379010 0.25 8
1618602379440 0.125 9
1618602384428 0.125 0
1618602384883 0.1875 1
1618602385331 0.1875 2
1618602385835 0.1875 3
1618602386320 0.25 4
1618602386801 0.1875 5
1618602387243 0.1875 6
1618602387674 0.375 7
1618602388104 0.3125 8
1618602389390 0.5 9
1618602392556 0.125 0
1618602392946 0.375 1
1618602393316 0.25 2
1618602393730 0.3125 3
1618602394138 0.25 4
1618602394547 0.375 5
1618602395001 0.4375 6
1618602395413 0.3125 7
1618602395849 0.5625 8
1618602396259 0.625 9
1618602399588 0.1875 0
1618602400025 0.25 1
1618602400475 0.1875 2
1618602400972 0.3125 3
1618602401444 0.125 4
1618602401942 0.25 5
1618602402428 0.25 6
1618602402916 0.25 7
1618602403383 0.25 8
1618602403843 0.3125 9
1618602407361 0.125 0
1618602407824 0.3125 1
1618602408287 0.25 2
1618602408796 0.3125 3
1618602409270 0.1875 4
1618602409752 0.25 5
1618602410234 0.25 6
1618602410702 0.1875 7
1618602411170 0.375 8
1618602411638 0.375 9
1618602439609 0.0 0
1618602439987 0.25 1
1618602440358 0.3125 2
1618602440730 0.3125 3
1618602441127 0.4375 4
1618602441503 0.4375 5
1618602441863 0.4375 6
1618602442236 0.4375 7
1618602442627 0.375 8
1618602443016 0.5 9
1618602447105 0.25 0
1618602447396 0.1875 1
1618602447683 0.125 2
1618602447978 0.3125 3
1618602448281 0.3125 4
1618602448590 0.5 5
1618602448880 0.5625 6
1618602449186 0.75 7
1618602449498 0.9375 8
1618602449808 0.9375 9
1618602452427 0.1875 0
1618602452724 0.1875 1
1618602453022 0.25 2
1618602453311 0.25 3
1618602453587 0.25 4
1618602453882 0.5625 5
1618602454226 0.5 6
1618602454530 0.3125 7
1618602454824 0.8125 8
1618602455540 0.625 9
1618602458280 0.0625 0
1618602458569 0.25 1
1618602458872 0.3125 2
1618602459185 0.125 3
1618602459467 0.375 4
1618602459788 0.4375 5
1618602460096 0.4375 6
1618602460395 0.625 7
1618602460689 0.5625 8
1618602460998 0.4375 9
1618602463844 0.0625 0
1618602464175 0.1875 1
1618602464544 0.3125 2
1618602464922 0.3125 3
1618602465285 0.4375 4
1618602465663 0.9375 5
1618602466050 0.4375 6
1618602466458 0.875 7
1618602466866 0.75 8
1618602467269 1.0 9
1618602470394 0.25 0
1618602470703 0.25 1
1618602471060 0.375 2
1618602471471 0.4375 3
1618602471908 0.8125 4
1618602472311 0.8125 5
1618602472717 0.875 6
1618602473123 1.0 7
1618602473492 0.9375 8
1618602473855 1.0 9
1618602476904 0.125 0
1618602477203 0.1875 1
1618602477489 0.25 2
1618602477804 0.25 3
1618602478150 0.5 4
1618602478465 0.5625 5
1618602478800 0.5 6
1618602479153 0.5625 7
1618602479530 0.5625 8
1618602479924 0.5625 9
1618602482599 0.0625 0
1618602482880 0.1875 1
1618602483208 0.3125 2
1618602483522 0.375 3
1618602483848 0.1875 4
1618602484223 0.25 5
1618602484590 0.5625 6
1618602487999 0.25 0
1618602488338 0.3125 1
1618602488721 0.25 2
1618602489112 0.1875 3
1618602489497 0.4375 4
1618602489906 0.375 5
1618602490330 0.75 6
1618602490727 0.6875 7
1618602491140 0.625 8
1618602491545 0.625 9
1618602494843 0.25 0
1618602495136 0.3125 1
1618602495426 0.4375 2
1618602495745 0.4375 3
1618602496075 0.5625 4
1618602496431 0.5625 5
1618602496767 0.6875 6
1618602497125 0.75 7
1618602497498 0.75 8
1618602497865 0.75 9
1618602500739 0.1875 0
1618602501045 0.1875 1
1618602501362 0.1875 2
1618602501682 0.4375 3
1618602502019 0.375 4
1618602502369 0.3125 5
1618602502723 0.375 6
1618602503085 0.1875 7
1618602503458 0.25 8
1618602503856 0.5625 9
1618602507077 0.125 0
1618602507360 0.25 1
1618602507662 0.25 2
1618602507962 0.4375 3
1618602508284 0.3125 4
1618602508615 0.625 5
1618602508960 0.5625 6
1618602511625 0.0625 0
1618602511925 0.25 1
1618602512656 0.375 2
1618602512953 0.5 3
1618602513273 0.375 4
1618602513611 0.6875 5
1618602513972 0.5 6
1618602516805 0.125 0
1618602517276 0.1875 1
1618602517663 0.3125 2
1618602518052 0.4375 3
1618602518441 0.4375 4
1618602518860 0.375 5
1618602519425 0.5625 6
1618602519876 0.625 7
1618602520307 0.4375 8
1618602520724 0.8125 9
1618602523667 0.125 0
1618602523980 0.1875 1
1618602524325 0.3125 2
1618602524674 0.3125 3
1618602525045 0.5625 4
1618602525448 0.8125 5
1618602525972 0.75 6
1618602526444 0.625 7
1618602526949 0.5625 8
1618602527367 0.75 9
1618602530811 0.1875 0
1618602531185 0.25 1
1618602531553 0.1875 2
1618602531958 0.25 3
1618602532357 0.3125 4
1618602532750 0.375 5
1618602533135 0.25 6
1618602533500 0.25 7
1618602533872 0.3125 8
1618602534252 0.4375 9
1618602536583 0.3333333432674408 0
