1618602354257 1.8033361434936523 0
1618602354572 16.865291595458984 1
1618602354877 4.772704124450684 2
1618602355177 1.7613823413848877 3
1618602355471 1.789300560951233 4
1618602355776 1.7941162586212158 5
1618602356068 1.7947156429290771 6
1618602356361 1.783965826034546 7
1618602356662 1.7890865802764893 8
1618602356951 1.7780165672302246 9
1618602359596 1.790927767753601 0
1618602359909 11.781342506408691 1
1618602360221 5.484554767608643 2
1618602361062 2.0784270763397217 3
1618602361367 1.7881569862365723 4
1618602361677 1.7280786037445068 5
1618602361975 2.0136823654174805 6
1618602362283 1.7546348571777344 7
1618602362587 1.7859559059143066 8
1618602362895 1.7904860973358154 9
1618602365530 1.7852911949157715 0
1618602365843 31.06695556640625 1
1618602366153 16.948837280273438 2
1618602366452 2.1783535480499268 3
1618602366760 1.8445515632629395 4
1618602367056 1.7919551134109497 5
1618602367362 1.7852051258087158 6
1618602367671 1.7814370393753052 7
1618602367967 1.7807475328445435 8
1618602368262 1.782076358795166 9
1618602370929 1.7975690364837646 0
1618602371231 20.060394287109375 1
1618602371532 7.425458908081055 2
1618602371844 1.8790861368179321 3
1618602372148 1.791640043258667 4
1618602372450 1.7851788997650146 5
1618602372750 1.785149097442627 6
1618602373044 1.7819112539291382 7
1618602373340 1.7697250843048096 8
1618602373635 1.7656610012054443 9
1618602376342 1.8315726518630981 0
1618602376654 16.856218338012695 1
1618602376966 5.167243003845215 2
1618602377267 1.7948657274246216 3
1618602377571 1.7719252109527588 4
1618602377888 1.9598158597946167 5
1618602378218 1.7160060405731201 6
1618602378591 1.7287368774414062 7
1618602379010 1.6702208518981934 8
1618602379440 1.702787160873413 9
1618602384428 1.7709236145019531 0
1618602384883 7.0354485511779785 1
1618602385331 7.267978191375732 2
1618602385835 6.7568840980529785 3
1618602386320 3.651503562927246 4
1618602386801 2.47976016998291 5
1618602387243 2.002162456512451 6
1618602387674 1.7482833862304688 7
1618602388104 1.6428515911102295 8
1618602389390 1.6249370574951172 9
1618602392556 1.8099658489227295 0
1618602392946 3.1075000762939453 1
1618602393316 4.351921081542969 2
1618602393730 3.5479583740234375 3
1618602394138 2.5333852767944336 4
1618602394547 1.8791766166687012 5
1618602395001 1.732204794883728 6
1618602395413 1.7212927341461182 7
1618602395849 1.6929731369018555 8
1618602396259 1.6814454793930054 9
1618602399588 1.8149834871292114 0
1618602400025 6.741496562957764 1
1618602400475 9.233346939086914 2
1618602400972 6.991666793823242 3
1618602401444 4.089820861816406 4
1618602401942 1.8968311548233032 5
1618602402428 1.6798145771026611 6
1618602402916 1.721099615097046 7
1618602403383 1.633047103881836 8
1618602403843 1.6223232746124268 9
1618602407361 1.8950836658477783 0
1618602407824 7.485477447509766 1
1618602408287 11.488511085510254 2
1618602408796 7.5169501304626465 3
1618602409270 4.550817966461182 4
1618602409752 3.2914047241210938 5
1618602410234 2.1229991912841797 6
1618602410702 1.8955291509628296 7
1618602411170 1.738981008529663 8
1618602411638 1.7205185890197754 9
1618602439609 1.8172913789749146 0
1618602439987 2.800985813140869 1
1618602440358 2.9383163452148438 2
1618602440730 2.1510889530181885 3
1618602441127 1.753543734550476 4
1618602441503 1.5461955070495605 5
1618602441863 1.5304977893829346 6
1618602442236 1.454986333847046 7
1618602442627 1.4007127285003662 8
1618602443016 1.2001179456710815 9
1618602447105 1.9872431755065918 0
1618602447396 3.943295955657959 1
1618602447683 2.3689043521881104 2
1618602447978 1.6194660663604736 3
1618602448281 1.5914559364318848 4
1618602448590 1.247361421585083 5
1618602448880 1.0783830881118774 6
1618602449186 0.8717777729034424 7
1618602449498 0.5838175415992737 8
1618602449808 0.42499956488609314 9
1618602452427 1.7506592273712158 0
1618602452724 4.22652530670166 1
1618602453022 3.0948591232299805 2
1618602453311 2.2647228240966797 3
1618602453587 1.7423644065856934 4
1618602453882 1.4125080108642578 5
1618602454226 1.244211196899414 6
1618602454530 1.2158935070037842 7
1618602454824 0.9212175607681274 8
1618602455540 0.8727916479110718 9
1618602458280 2.4269015789031982 0
1618602458569 2.4723715782165527 1
1618602458872 2.2871315479278564 2
1618602459185 2.315518379211426 3
1618602459467 2.0982935428619385 4
1618602459788 1.8969405889511108 5
1618602460096 1.740175724029541 6
1618602460395 1.7132407426834106 7
1618602460689 1.6034257411956787 8
1618602460998 1.7495173215866089 9
1618602463844 1.8370906114578247 0
1618602464175 2.1670613288879395 1
1618602464544 1.6732335090637207 2
1618602464922 1.4825866222381592 3
1618602465285 1.3339682817459106 4
1618602465663 0.9417015910148621 5
1618602466050 1.2173640727996826 6
1618602466458 0.6824982166290283 7
1618602466866 0.7366576194763184 8
1618602467269 0.3682422339916229 9
1618602470394 2.0096006393432617 0
1618602470703 2.124785900115967 1
1618602471060 1.714868426322937 2
1618602471471 1.3159422874450684 3
1618602471908 1.0515165328979492 4
1618602472311 0.765225887298584 5
1618602472717 0.450780987739563 6
1618602473123 0.17912524938583374 7
1618602473492 0.1732890009880066 8
1618602473855 0.033929917961359024 9
1618602476904 1.8976211547851562 0
1618602477203 1.997818946838379 1
1618602477489 1.8389720916748047 2
1618602477804 1.819779396057129 3
1618602478150 1.7087187767028809 4
1618602478465 1.5860509872436523 5
1618602478800 1.4877591133117676 6
1618602479153 1.4072362184524536 7
1618602479530 1.3665125370025635 8
1618602479924 1.3068618774414062 9
1618602482599 2.0647714138031006 0
1618602482880 2.175086498260498 1
1618602483208 1.9888966083526611 2
1618602483522 1.7921175956726074 3
1618602483848 1.756455659866333 4
1618602484223 1.6921634674072266 5
1618602484590 1.614767074584961 6
1618602487999 1.7366504669189453 0
1618602488338 2.170522689819336 1
1618602488721 1.871894121170044 2
1618602489112 1.9713256359100342 3
1618602489497 1.5777055025100708 4
1618602489906 1.352911114692688 5
1618602490330 1.2660881280899048 6
1618602490727 1.2686522006988525 7
1618602491140 1.2174043655395508 8
1618602491545 1.0770777463912964 9
1618602494843 1.798501968383789 0
1618602495136 1.9533849954605103 1
1618602495426 1.6391608715057373 2
1618602495745 1.4755738973617554 3
1618602496075 1.3857864141464233 4
1618602496431 1.298262119293213 5
1618602496767 1.1772387027740479 6
1618602497125 1.0118224620819092 7
1618602497498 0.8886882066726685 8
1618602497865 0.7772631049156189 9
1618602500739 2.017509698867798 0
1618602501045 2.2367708683013916 1
1618602501362 2.1249444484710693 2
1618602501682 1.9129071235656738 3
1618602502019 1.651253581047058 4
1618602502369 1.5355663299560547 5
1618602502723 1.5259336233139038 6
1618602503085 1.5245392322540283 7
1618602503458 1.4783028364181519 8
1618602503856 1.3820416927337646 9
1618602507077 1.8077430725097656 0
1618602507360 1.8337852954864502 1
1618602507662 1.5851490497589111 2
1618602507962 1.4843987226486206 3
1618602508284 1.4531679153442383 4
1618602508615 1.2726211547851562 5
1618602508960 1.29608154296875 6
1618602511625 1.840408205986023 0
1618602511925 1.6506741046905518 1
1618602512656 1.4903571605682373 2
1618602512953 1.482851505279541 3
1618602513273 1.5059714317321777 4
1618602513611 1.3046624660491943 5
1618602513972 1.2733118534088135 6
1618602516805 1.7877739667892456 0
1618602517276 1.7263550758361816 1
1618602517663 1.5749139785766602 2
1618602518052 1.5831921100616455 3
1618602518441 1.4454481601715088 4
1618602518860 1.4808130264282227 5
1618602519425 1.3161324262619019 6
1618602519876 1.1326704025268555 7
1618602520307 1.2629284858703613 8
1618602520724 0.9785345792770386 9
1618602523667 1.8497982025146484 0
1618602523980 1.8742475509643555 1
1618602524325 1.7115256786346436 2
1618602524674 1.7278504371643066 3
1618602525045 1.4790903329849243 4
1618602525448 1.189040184020996 5
1618602525972 1.097809910774231 6
1618602526444 1.0793468952178955 7
1618602526949 0.9545364379882812 8
1618602527367 0.9118192195892334 9
1618602530811 1.7616617679595947 0
1618602531185 2.103853702545166 1
1618602531553 1.9043753147125244 2
1618602531958 1.9877698421478271 3
1618602532357 1.860996127128601 4
1618602532750 1.4176456928253174 5
1618602533135 1.5682883262634277 6
1618602533500 1.550284504890442 7
1618602533872 1.5016555786132812 8
1618602534252 1.25504469871521 9
1618602536581 1.8801531791687012 0
