1618593900486 0.0625 0
1618593900806 0.375 1
1618593901661 0.1875 2
1618593901974 0.3125 3
1618593902274 0.3125 4
1618593902585 0.25 5
1618593902892 0.1875 6
1618593903185 0.1875 7
1618593903480 0.1875 8
1618593906190 0.25 0
1618593906502 0.375 1
1618593907358 0.1875 2
1618593907665 0.0625 3
1618593907972 0.375 4
1618593908267 0.375 5
1618593908571 0.25 6
1618593908885 0.125 7
1618593909182 0.1875 8
1618593909486 0.25 9
1618593912215 0.3125 0
1618593912531 0.375 1
1618593912838 0.1875 2
1618593913137 0.25 3
1618593913435 0.1875 4
1618593913741 0.375 5
1618593914041 0.4375 6
1618593914333 0.4375 7
1618593914653 0.375 8
1618593914964 0.3125 9
1618593917628 0.0625 0
1618593917954 0.375 1
1618593918254 0.0625 2
1618593918563 0.375 3
1618593918866 0.375 4
1618593919180 0.25 5
1618593919472 0.3125 6
1618593919771 0.3125 7
1618593920075 0.125 8
1618593920376 0.125 9
1618593923108 0.0625 0
1618593923411 0.375 1
1618593923721 0.1875 2
1618593924034 0.125 3
1618593924335 0.1875 4
1618593924644 0.1875 5
1618593924984 0.1875 6
1618593925354 0.1875 7
1618593925732 0.1875 8
1618593926121 0.1875 9
1618593950836 0.0625 0
1618593951252 0.375 1
1618593951646 0.25 2
1618593952902 0.375 3
1618593953306 0.25 4
1618593953699 0.5 5
1618593954095 0.875 6
1618593954494 0.6875 7
1618593954897 0.5 8
1618593955282 0.4375 9
1618593958749 0.125 0
1618593959128 0.375 1
1618593959490 0.25 2
1618593960645 0.1875 3
1618593961016 0.25 4
1618593961364 0.125 5
1618593961726 0.125 6
1618593962079 0.25 7
1618593962443 0.5625 8
1618593962844 0.5 9
1618593966025 0.25 0
1618593966371 0.375 1
1618593966736 0.3125 2
1618593967113 0.125 3
1618593967489 0.25 4
1618593967869 0.25 5
1618593968229 0.5 6
1618593968601 0.375 7
1618593968982 0.375 8
1618593969369 0.375 9
1618593973002 0.25 0
1618593973423 0.375 1
1618593973891 0.1875 2
1618593974360 0.1875 3
1618593974864 0.3125 4
1618593975342 0.125 5
1618593975822 0.3125 6
1618593976276 0.375 7
1618593976749 0.375 8
1618593977215 0.375 9
1618593980561 0.0625 0
1618593980981 0.375 1
1618593981416 0.1875 2
1618593981845 0.1875 3
1618593982287 0.1875 4
1618593982707 0.25 5
1618593983146 0.1875 6
1618593983573 0.25 7
1618593984006 0.5 8
1618593984411 0.375 9
1618593987856 0.1875 0
1618593988136 0.375 1
1618593988427 0.5 2
1618593988729 0.3125 3
1618593989062 0.5 4
1618593989389 0.375 5
1618593989719 0.5625 6
1618593990094 0.8125 7
1618593990456 0.875 8
1618593990805 0.5 9
1618593993216 0.125 0
1618593993522 0.375 1
1618593994279 0.375 2
1618593994568 0.25 3
1618593994902 0.25 4
1618593995279 0.375 5
1618593995632 0.375 6
1618593995987 0.375 7
1618593996348 0.6875 8
1618593998765 0.125 0
1618593999106 0.375 1
1618593999440 0.4375 2
1618593999783 0.25 3
1618594000156 0.25 4
1618594000507 0.375 5
1618594000839 0.5625 6
1618594001202 0.375 7
1618594001536 0.6875 8
1618594001870 0.75 9
1618594004313 0.4375 0
1618594004614 0.375 1
1618594004966 0.3125 2
1618594005327 0.5 3
1618594005669 0.375 4
1618594006010 0.375 5
1618594006362 0.625 6
1618594006706 0.6875 7
1618594007058 0.5625 8
1618594007389 1.0 9
1618594009772 0.0 0
1618594010073 0.375 1
1618594010385 0.3125 2
1618594010697 0.125 3
1618594011027 0.4375 4
1618594011356 0.375 5
1618594011688 0.4375 6
1618594012016 0.5625 7
1618594012334 0.5625 8
1618594012654 0.6875 9
1618594015360 0.125 0
1618594015627 0.375 1
1618594015898 0.375 2
1618594016211 0.75 3
1618594016521 0.75 4
1618594016832 0.6875 5
1618594017186 0.4375 6
1618594017500 0.375 7
1618594017817 0.5 8
1618594018176 0.6875 9
1618594020428 0.375 0
1618594020727 0.375 1
1618594021080 0.375 2
1618594021439 0.4375 3
1618594021790 0.4375 4
1618594022152 0.4375 5
1618594022498 0.375 6
1618594022825 0.75 7
1618594025114 0.125 0
1618594025417 0.375 1
1618594025746 0.1875 2
1618594026105 0.625 3
1618594026458 0.4375 4
1618594026791 0.4375 5
1618594027142 0.4375 6
1618594027488 0.4375 7
1618594027839 0.5 8
1618594030135 0.0 0
1618594030442 0.375 1
1618594030781 0.375 2
1618594031143 0.3125 3
1618594031505 0.375 4
1618594031846 0.375 5
1618594032204 0.375 6
1618594032560 0.375 7
1618594034842 0.1875 0
1618594035184 0.375 1
1618594035525 0.375 2
1618594035867 0.375 3
1618594036233 0.375 4
1618594036574 0.375 5
1618594036914 0.375 6
1618594037285 0.5625 7
1618594037620 0.4375 8
1618594037979 0.375 9
1618594040677 0.1875 0
1618594040982 0.375 1
1618594041298 0.375 2
1618594041636 0.375 3
1618594041992 0.375 4
1618594042366 0.4375 5
1618594042708 0.375 6
1618594043069 0.375 7
1618594043435 0.375 8
1618594043801 0.5625 9
1618594046277 0.1875 0
1618594046596 0.375 1
1618594046943 0.25 2
1618594047315 0.1875 3
1618594047650 0.625 4
1618594048023 0.375 5
1618594048395 0.375 6
1618594048759 0.625 7
1618594049092 0.6875 8
1618594051403 0.1875 0
1618594051683 0.375 1
1618594051973 0.3125 2
1618594052316 0.4375 3
1618594052656 0.375 4
1618594052991 0.4375 5
1618594053321 0.5 6
1618594053688 0.4375 7
1618594054031 0.5625 8
1618594056505 0.125 0
1618594056797 0.375 1
1618594057131 0.5625 2
1618594057463 0.6875 3
1618594057786 0.5 4
1618594058114 0.4375 5
1618594058425 0.375 6
1618594058745 0.6875 7
1618594059094 0.6875 8
1618594059429 0.8125 9
1618594061736 0.125 0
1618594062385 0.375 1
1618594062659 0.3125 2
1618594062958 0.3125 3
1618594063298 0.3125 4
1618594063614 0.375 5
1618594063948 0.4375 6
1618594064301 0.375 7
1618594064613 0.625 8
1618594064937 0.8125 9
1618594067280 0.1666666716337204 0
