1618602890409 1.7568981647491455 0
1618602890748 73.94859313964844 1
1618602891071 12.464140892028809 2
1618602891961 2.2096681594848633 3
1618602892302 1.7476515769958496 4
1618602892642 1.9115474224090576 5
1618602892964 1.7680695056915283 6
1618602893320 1.7844548225402832 7
1618602893655 1.7759089469909668 8
1618602896923 1.7424657344818115 0
1618602897276 48.227081298828125 1
1618602897616 16.236080169677734 2
1618602897952 2.175499439239502 3
1618602898282 1.7764716148376465 4
1618602898618 1.7364206314086914 5
1618602898969 1.72332763671875 6
1618602899332 1.675384521484375 7
1618602899684 1.5908995866775513 8
1618602902877 1.8662996292114258 0
1618602903193 13.115998268127441 1
1618602904143 4.955949306488037 2
1618602904459 1.963588833808899 3
1618602904775 1.8770086765289307 4
1618602905090 1.7915582656860352 5
1618602905413 1.7862151861190796 6
1618602905735 1.7888188362121582 7
1618602906186 1.7819973230361938 8
1618602909245 1.7643356323242188 0
1618602909560 56.047935485839844 1
1618602909897 26.580392837524414 2
1618602910231 2.452486515045166 3
1618602910571 2.157630681991577 4
1618602910896 1.6363484859466553 5
1618602911212 1.6199910640716553 6
1618602911524 1.7082231044769287 7
1618602914765 1.7921218872070312 0
1618602915094 53.81747817993164 1
1618602915402 15.084052085876465 2
1618602915741 2.511791229248047 3
1618602916089 1.7715249061584473 4
1618602916433 1.7358217239379883 5
1618602916798 1.659407377243042 6
1618602917228 1.6398136615753174 7
1618602917629 1.6907341480255127 8
1618602922211 1.7800967693328857 0
1618602923493 5.482215404510498 1
1618602923874 3.307051181793213 2
1618602924275 3.4980006217956543 3
1618602924664 2.3916914463043213 4
1618602925079 1.961094617843628 5
1618602925527 1.757913589477539 6
1618602925989 1.731388807296753 7
1618602929749 1.7832149267196655 0
1618602930131 5.154972076416016 1
1618602930524 2.9319183826446533 2
1618602930942 2.446938991546631 3
1618602931391 2.007233142852783 4
1618602931862 1.7878096103668213 5
1618602932350 1.685591220855713 6
1618602932867 1.665367603302002 7
1618602936885 1.7790474891662598 0
1618602937292 7.437435626983643 1
1618602962334 4.865542888641357 2
1618602962735 4.091419219970703 3
1618602963138 2.747714042663574 4
1618602963524 1.8783299922943115 5
1618602963922 1.8162872791290283 6
1618602964288 1.6347287893295288 7
1618602964651 1.640855312347412 8
1618602968258 1.8220946788787842 0
1618602968635 6.969246864318848 1
1618602969011 5.133370399475098 2
1618602969381 3.3795390129089355 3
1618602969768 2.58212947845459 4
1618602970148 1.9866739511489868 5
1618602970526 1.8075103759765625 6
1618602970907 1.7466099262237549 7
1618602971273 1.714232325553894 8
1618602974861 1.7491861581802368 0
1618602975249 6.203034400939941 1
1618602975634 4.346966743469238 2
1618602976022 2.6763124465942383 3
1618602976401 2.22927188873291 4
1618602976785 1.8912791013717651 5
1618602977182 1.7327383756637573 6
1618602977552 1.6919276714324951 7
1618602977949 1.6769682168960571 8
1618602982003 2.1458263397216797 0
1618602982306 2.3151087760925293 1
1618602982767 1.855993628501892 2
1618602983146 1.961857557296753 3
1618602983473 1.469954252243042 4
1618602984264 1.1764341592788696 5
1618602984585 1.074655294418335 6
1618602984917 0.7417309284210205 7
1618602985698 0.576880156993866 8
1618602989271 1.9234089851379395 0
1618602989592 2.3463125228881836 1
1618602989975 1.8175675868988037 2
1618602990378 1.5573770999908447 3
1618602990765 1.5373671054840088 4
1618602991175 1.3750290870666504 5
1618602991547 1.2192169427871704 6
1618602991929 0.9203025102615356 7
1618602992321 0.6198381185531616 8
1618602995379 1.93892502784729 0
1618602995666 3.1676785945892334 1
1618602995965 2.981126308441162 2
1618602996285 1.827146291732788 3
1618602996602 1.5652161836624146 4
1618602996935 1.284792184829712 5
1618602997290 1.155413031578064 6
1618602997625 1.0184303522109985 7
1618602997963 0.8473130464553833 8
1618603000321 1.6524580717086792 0
1618603000597 3.1815133094787598 1
1618603000899 2.250430107116699 2
1618603001229 1.6937451362609863 3
1618603001551 1.444283127784729 4
1618603001880 1.4824951887130737 5
1618603002205 1.350430965423584 6
1618603002538 1.0944492816925049 7
1618603002869 1.0795514583587646 8
1618603003226 0.7570515275001526 9
1618603005809 1.8878575563430786 0
1618603006136 1.8837484121322632 1
1618603006454 1.4172707796096802 2
1618603006790 1.812758207321167 3
1618603007127 1.1880286931991577 4
1618603007457 1.0829378366470337 5
1618603007802 0.8069310188293457 6
1618603008134 0.616381049156189 7
1618603011034 1.8263674974441528 0
1618603011633 2.4699461460113525 1
1618603011913 1.9622080326080322 2
1618603012228 1.7948640584945679 3
1618603012539 1.673873782157898 4
1618603012874 1.5537961721420288 5
1618603013184 1.4936749935150146 6
1618603013527 1.4581987857818604 7
1618603016212 1.8325053453445435 0
1618603016505 2.0720603466033936 1
1618603016823 1.940786600112915 2
1618603017177 1.799424171447754 3
1618603017545 1.6177583932876587 4
1618603017921 1.481866478919983 5
1618603018324 1.4132566452026367 6
1618603021102 1.9091386795043945 0
1618603021396 4.496037006378174 1
1618603021691 3.064009666442871 2
1618603022028 3.053285598754883 3
1618603022388 2.3553271293640137 4
1618603022766 1.7997199296951294 5
1618603023146 1.7388246059417725 6
1618603023537 1.7126457691192627 7
1618603023893 1.654813289642334 8
1618603024274 1.5878252983093262 9
1618603026940 2.0566887855529785 0
1618603027247 3.0092971324920654 1
1618603027539 2.2410221099853516 2
1618603027844 1.9408843517303467 3
1618603028176 1.7004646062850952 4
1618603028514 1.6522296667099 5
1618603028857 1.638002872467041 6
1618603029220 1.5846292972564697 7
1618603029584 1.5207924842834473 8
1618603029913 1.4581871032714844 9
1618603032606 1.902000904083252 0
1618603032895 2.1024317741394043 1
1618603033198 1.729133129119873 2
1618603033486 1.5187524557113647 3
1618603033809 1.5087504386901855 4
1618603034158 1.4356029033660889 5
1618603034499 1.3383475542068481 6
1618603034873 1.2313470840454102 7
1618603035290 1.131953239440918 8
1618603035678 1.0240232944488525 9
1618603038954 1.7862637042999268 0
1618603039256 1.6978912353515625 1
1618603039574 1.6706323623657227 2
1618603039917 1.5259454250335693 3
1618603040290 1.4137060642242432 4
1618603040667 1.3390915393829346 5
1618603041048 1.2264387607574463 6
1618603041433 1.0579830408096313 7
1618603044003 1.7710955142974854 0
1618603044755 1.7552783489227295 1
1618603045077 1.668091058731079 2
1618603045422 1.4925870895385742 3
1618603045792 1.4127253293991089 4
1618603046202 1.3497198820114136 5
1618603046574 1.1146951913833618 6
1618603046968 1.065924882888794 7
1618603049650 1.794980525970459 0
1618603049985 2.3731143474578857 1
1618603050821 2.240455389022827 2
1618603051201 2.1646015644073486 3
1618603051622 1.8973004817962646 4
1618603052080 1.5235867500305176 5
1618603052505 1.79713773727417 6
1618603052949 1.5660938024520874 7
1618603053377 1.329662561416626 8
1618603056398 1.7704075574874878 0
1618603056721 1.9347634315490723 1
1618603057082 1.9347383975982666 2
1618603057477 1.8271172046661377 3
1618603057894 1.3844056129455566 4
1618603058311 1.4000787734985352 5
1618603058662 1.416748285293579 6
1618603059027 1.4607659578323364 7
1618603059374 1.3566988706588745 8
1618603062200 1.800859808921814 0
1618603062480 1.7280187606811523 1
1618603062798 1.5513620376586914 2
1618603063127 1.596117377281189 3
1618603063449 1.296701192855835 4
1618603063808 1.3027191162109375 5
1618603064241 1.1898733377456665 6
1618603064608 1.117703914642334 7
1618603064974 1.0902115106582642 8
1618603067912 2.5491771697998047 0
