1618605805698 1.8212873935699463 0
1618605806001 5.706088542938232 1
1618605806309 3.954648017883301 2
1618605806604 1.8024518489837646 3
1618605806907 1.7434755563735962 4
1618605807215 1.6870076656341553 5
1618605807515 1.4719185829162598 6
1618605807823 1.4048027992248535 7
1618605808122 1.7732683420181274 8
1618605808429 1.2438690662384033 9
1618605811074 1.8466442823410034 0
1618605811390 15.361217498779297 1
1618605811698 4.322383880615234 2
1618605811998 1.76334547996521 3
1618605812303 1.717543125152588 4
1618605812597 1.942868709564209 5
1618605812893 1.7146648168563843 6
1618605813201 1.7055240869522095 7
1618605815884 1.7806169986724854 0
1618605816191 19.933612823486328 1
1618605816493 6.820802688598633 2
1618605817338 1.8158375024795532 3
1618605817647 1.7284648418426514 4
1618605817948 1.6817328929901123 5
1618605818260 1.7712929248809814 6
1618605818574 1.733778715133667 7
1618605818896 1.784054160118103 8
1618605819214 1.766937255859375 9
1618605821966 1.7769182920455933 0
1618605822278 24.606420516967773 1
1618605822577 7.391908645629883 2
1618605822889 2.0736818313598633 3
1618605823199 1.781601905822754 4
1618605823492 1.7801339626312256 5
1618605823802 1.7097975015640259 6
1618605824100 1.7203882932662964 7
1618605824405 1.5960235595703125 8
1618605824706 1.5334546566009521 9
1618605827451 1.8178589344024658 0
1618605827762 10.7813720703125 1
1618605828067 5.094911575317383 2
1618605828377 2.026002883911133 3
1618605828682 1.78218412399292 4
1618605828978 1.7859946489334106 5
1618605829291 1.737114667892456 6
1618605829595 1.7255048751831055 7
1618605829924 1.7210023403167725 8
1618605830277 1.6830828189849854 9
1618605834129 1.812259554862976 0
1618605834507 4.636857986450195 1
1618605835842 4.800877571105957 2
1618605836212 3.3181591033935547 3
1618605836657 2.4656922817230225 4
1618605837111 1.7944508790969849 5
1618605837609 1.7250821590423584 6
1618605838065 1.642706274986267 7
1618605838509 1.5891387462615967 8
1618605841875 1.885360598564148 0
1618605842290 3.0291543006896973 1
1618605842704 4.659117221832275 2
1618605843132 3.1812543869018555 3
1618605843552 2.1702017784118652 4
1618605843976 1.5185887813568115 5
1618605844409 1.494681477546692 6
1618605844834 1.530064582824707 7
1618605845262 1.4820796251296997 8
1618605845692 1.4327430725097656 9
1618605848909 1.8205070495605469 0
1618605849291 5.955059051513672 1
1618605849686 6.891074180603027 2
1618605850124 6.009648323059082 3
1618605850564 3.9974803924560547 4
1618605851005 2.5076117515563965 5
1618605851447 2.0481958389282227 6
1618605851865 1.7098355293273926 7
1618605852302 1.677964448928833 8
1618605852728 1.6293411254882812 9
1618605855983 1.7786002159118652 0
1618605856366 2.6724929809570312 1
1618605856766 4.318150520324707 2
1618605858493 2.607367992401123 3
1618605858857 1.9497469663619995 4
1618605859221 1.7417798042297363 5
1618605859597 1.6575186252593994 6
1618605859980 1.5955274105072021 7
1618605860433 1.5976204872131348 8
1618605860882 1.5226631164550781 9
1618605864221 1.8453181982040405 0
1618605864663 2.710238218307495 1
1618605865148 4.591536521911621 2
1618605865637 1.8724240064620972 3
1618605866095 1.766176462173462 4
1618605866570 1.673606514930725 5
1618605867032 1.542777419090271 6
1618605867527 1.49820077419281 7
1618605867994 1.468750238418579 8
1618605893640 2.017019033432007 0
1618605893916 2.7416090965270996 1
1618605894209 1.8193573951721191 2
1618605894498 1.683992862701416 3
1618605894781 1.5487197637557983 4
1618605895074 1.3676185607910156 5
1618605895354 1.186048150062561 6
1618605895627 0.770655632019043 7
1618605895920 0.6728382110595703 8
1618605896216 0.3927844166755676 9
1618605898520 1.906961441040039 0
1618605898801 3.3781981468200684 1
1618605899097 2.3156933784484863 2
1618605899385 1.6784790754318237 3
1618605899664 1.3276318311691284 4
1618605899941 1.2281259298324585 5
1618605900249 1.1424750089645386 6
1618605900563 0.9005739688873291 7
1618605900875 0.7954959869384766 8
1618605901173 0.4945935606956482 9
1618605903568 1.92116379737854 0
1618605903850 1.9227995872497559 1
1618605904153 1.7724547386169434 2
1618605904769 1.2163156270980835 3
1618605905056 1.0438365936279297 4
1618605905340 0.687950074672699 5
1618605905621 0.3956192135810852 6
1618605905903 0.13689200580120087 7
1618605906212 0.055811960250139236 8
1618605906492 0.021499738097190857 9
1618605908797 1.8236823081970215 0
1618605909096 3.062709331512451 1
1618605909387 1.9673829078674316 2
1618605909666 1.8699824810028076 3
1618605909952 1.2524993419647217 4
1618605910261 1.3028762340545654 5
1618605910545 1.0680921077728271 6
1618605910828 0.8524138927459717 7
1618605911130 0.6608424782752991 8
1618605913487 2.1327295303344727 0
1618605913771 2.8939149379730225 1
1618605914077 1.912128210067749 2
1618605914378 1.438415765762329 3
1618605914656 1.0676366090774536 4
1618605914942 0.7214666604995728 5
1618605915277 0.34388020634651184 6
1618605915618 0.17817142605781555 7
1618605915981 0.12825359404087067 8
1618605916371 0.055397775024175644 9
1618605919190 2.0210909843444824 0
1618605919474 1.936959981918335 1
1618605919792 1.8454878330230713 2
1618605920156 1.5860981941223145 3
1618605920522 1.4377789497375488 4
1618605920865 1.4209723472595215 5
1618605921188 1.400275468826294 6
1618605923417 1.972524881362915 0
1618605923698 2.3725736141204834 1
1618605923992 2.230092763900757 2
1618605924334 2.0084688663482666 3
1618605924658 1.7086032629013062 4
1618605924982 1.4811395406723022 5
1618605925344 1.4350124597549438 6
1618605927568 1.8610721826553345 0
1618605927853 2.593902587890625 1
1618605928181 2.1622214317321777 2
1618605928500 1.8417339324951172 3
1618605928817 1.5630919933319092 4
1618605929152 1.2032840251922607 5
1618605929486 1.1442118883132935 6
1618605929821 1.1667189598083496 7
1618605930148 1.0930403470993042 8
1618605930480 0.9444865584373474 9
1618605932782 2.053781509399414 0
1618605933102 2.126244068145752 1
1618605933461 1.8685057163238525 2
1618605933812 1.6123545169830322 3
1618605934172 1.5767487287521362 4
1618605934528 1.53352952003479 5
1618605934899 1.4312961101531982 6
1618605935262 1.3207216262817383 7
1618605935619 1.2016985416412354 8
1618605935981 1.117229700088501 9
1618605938254 2.1187903881073 0
1618605938550 1.788240909576416 1
1618605938878 1.6933865547180176 2
1618605939230 1.6328885555267334 3
1618605939583 1.5451889038085938 4
1618605939933 1.4257526397705078 5
1618605940279 1.3040529489517212 6
1618605940609 1.1757549047470093 7
1618605940935 1.025176763534546 8
1618605941279 0.860993504524231 9
1618605943879 1.8160622119903564 0
1618605944171 1.7098369598388672 1
1618605944454 1.5710736513137817 2
1618605944745 1.33090341091156 3
1618605945065 1.2677357196807861 4
1618605945399 1.041558027267456 5
1618605945733 0.9419275522232056 6
1618605946053 0.8317317962646484 7
1618605946370 0.7139289379119873 8
1618605946693 0.5380352735519409 9
1618605948951 1.769089937210083 0
1618605949243 1.7825967073440552 1
1618605949539 1.6766791343688965 2
1618605949838 1.4341769218444824 3
1618605950162 1.1971375942230225 4
1618605950490 1.176025390625 5
1618605950814 1.1211590766906738 6
1618605951189 0.9499577879905701 7
1618605951533 0.845032274723053 8
1618605951878 0.7112249135971069 9
1618605954285 1.8006376028060913 0
1618605954593 1.6690833568572998 1
1618605954952 1.438855767250061 2
1618605955324 1.416412115097046 3
1618605955686 1.324842095375061 4
1618605956027 1.2086572647094727 5
1618605956375 0.859864354133606 6
1618605956735 0.756833553314209 7
1618605957088 0.6800554990768433 8
1618605957429 0.4631498456001282 9
1618605959844 1.8247815370559692 0
1618605960170 1.7210988998413086 1
1618605960495 1.570689082145691 2
1618605960822 1.5799548625946045 3
1618605961169 1.3670523166656494 4
1618605961486 1.3164623975753784 5
1618605961812 1.3006565570831299 6
1618605962144 1.0457510948181152 7
1618605962474 0.8803359270095825 8
1618605962787 0.8818467855453491 9
1618605965130 1.7915141582489014 0
1618605965421 1.6665430068969727 1
1618605965718 1.5207736492156982 2
1618605966024 1.4677114486694336 3
1618605966353 1.2397992610931396 4
1618605966670 1.1833672523498535 5
1618605966997 0.9925897121429443 6
1618605967345 0.8408913612365723 7
1618605967662 0.7852697372436523 8
1618605967983 0.4937659502029419 9
1618605969967 2.0328900814056396 0
