1618593900486 1.918128490447998 0
1618593900806 16.293054580688477 1
1618593901661 4.195141792297363 2
1618593901974 1.8879507780075073 3
1618593902274 1.7442710399627686 4
1618593902585 1.7387176752090454 5
1618593902892 1.768183708190918 6
1618593903185 1.760633111000061 7
1618593903480 1.755621075630188 8
1618593906190 1.8444268703460693 0
1618593906502 46.732704162597656 1
1618593907358 5.161303520202637 2
1618593907665 1.9407498836517334 3
1618593907972 2.351759433746338 4
1618593908267 1.6080567836761475 5
1618593908571 1.7279467582702637 6
1618593908885 1.7411080598831177 7
1618593909182 1.7177550792694092 8
1618593909486 1.7102813720703125 9
1618593912215 1.7378015518188477 0
1618593912531 95.00616455078125 1
1618593912838 28.313922882080078 2
1618593913137 3.4121689796447754 3
1618593913435 1.7438693046569824 4
1618593913741 1.6682500839233398 5
1618593914041 1.5265638828277588 6
1618593914333 1.5131632089614868 7
1618593914653 1.5754932165145874 8
1618593914964 1.5124845504760742 9
1618593917628 1.7955687046051025 0
1618593917954 64.3730239868164 1
1618593918254 8.483375549316406 2
1618593918563 1.6607816219329834 3
1618593918866 4.888341903686523 4
1618593919180 1.7243247032165527 5
1618593919472 1.6498420238494873 6
1618593919771 1.758143663406372 7
1618593920075 1.7739431858062744 8
1618593920376 1.7796345949172974 9
1618593923108 1.8748855590820312 0
1618593923411 45.79693603515625 1
1618593923721 13.452899932861328 2
1618593924034 2.226254463195801 3
1618593924335 1.782334327697754 4
1618593924644 1.7730474472045898 5
1618593924984 1.7689145803451538 6
1618593925354 1.762812614440918 7
1618593925732 1.7573845386505127 8
1618593926121 1.739871859550476 9
1618593950836 1.8700051307678223 0
1618593951252 4.843076705932617 1
1618593951646 4.686349868774414 2
1618593952902 3.1047019958496094 3
1618593953306 2.1531805992126465 4
1618593953699 1.4992437362670898 5
1618593954095 1.3309619426727295 6
1618593954494 1.3720654249191284 7
1618593954897 1.3372684717178345 8
1618593955282 1.2756776809692383 9
1618593958749 1.806764841079712 0
1618593959128 9.365684509277344 1
1618593959490 7.72575569152832 2
1618593960645 6.409662246704102 3
1618593961016 3.343294382095337 4
1618593961364 2.1375179290771484 5
1618593961726 1.721122145652771 6
1618593962079 1.516579270362854 7
1618593962443 1.433185338973999 8
1618593962844 1.4165992736816406 9
1618593966025 1.792708396911621 0
1618593966371 13.557172775268555 1
1618593966736 6.2146196365356445 2
1618593967113 4.786930084228516 3
1618593967489 2.435884952545166 4
1618593967869 1.7285687923431396 5
1618593968229 1.5077177286148071 6
1618593968601 1.4384492635726929 7
1618593968982 1.4302788972854614 8
1618593969369 1.431907296180725 9
1618593973002 1.8801705837249756 0
1618593973423 18.687679290771484 1
1618593973891 15.270904541015625 2
1618593974360 8.746503829956055 3
1618593974864 3.3872199058532715 4
1618593975342 2.1366348266601562 5
1618593975822 1.8577468395233154 6
1618593976276 1.668360710144043 7
1618593976749 1.4696426391601562 8
1618593977215 1.4653738737106323 9
1618593980561 1.7990999221801758 0
1618593980981 7.493338584899902 1
1618593981416 9.491961479187012 2
1618593981845 6.099277973175049 3
1618593982287 2.9557132720947266 4
1618593982707 2.1966865062713623 5
1618593983146 1.7253493070602417 6
1618593983573 1.6006044149398804 7
1618593984006 1.5093742609024048 8
1618593984411 1.5272184610366821 9
1618593987856 1.7499594688415527 0
1618593988136 4.63859748840332 1
1618593988427 2.051830768585205 2
1618593988729 1.9914511442184448 3
1618593989062 1.3602592945098877 4
1618593989389 1.6801353693008423 5
1618593989719 1.270754337310791 6
1618593990094 1.0409871339797974 7
1618593990456 0.9452368021011353 8
1618593990805 0.9975566864013672 9
1618593993216 1.9128365516662598 0
1618593993522 4.806938171386719 1
1618593994279 2.641111373901367 2
1618593994568 1.6961582899093628 3
1618593994902 1.520255446434021 4
1618593995279 1.3801608085632324 5
1618593995632 1.5660808086395264 6
1618593995987 1.2083828449249268 7
1618593996348 1.1598154306411743 8
1618593998765 2.234377861022949 0
1618593999106 4.127981185913086 1
1618593999440 2.2577571868896484 2
1618593999783 2.6864423751831055 3
1618594000156 1.510902762413025 4
1618594000507 1.9295659065246582 5
1618594000839 1.279187798500061 6
1618594001202 1.2672574520111084 7
1618594001536 1.035915732383728 8
1618594001870 0.9470603466033936 9
1618594004313 1.6475181579589844 0
1618594004614 3.064577341079712 1
1618594004966 1.7154765129089355 2
1618594005327 1.246259093284607 3
1618594005669 1.1203618049621582 4
1618594006010 1.428107500076294 5
1618594006362 1.0213394165039062 6
1618594006706 0.7842220067977905 7
1618594007058 0.7914329767227173 8
1618594007389 0.41253596544265747 9
1618594009772 2.1414694786071777 0
1618594010073 2.346123218536377 1
1618594010385 1.654214859008789 2
1618594010697 1.8209900856018066 3
1618594011027 1.3739373683929443 4
1618594011356 1.3962030410766602 5
1618594011688 1.3231654167175293 6
1618594012016 1.2574403285980225 7
1618594012334 1.1572628021240234 8
1618594012654 0.9675040245056152 9
1618594015360 1.9472074508666992 0
1618594015627 1.710211992263794 1
1618594015898 1.5284380912780762 2
1618594016211 1.4731214046478271 3
1618594016521 1.3608791828155518 4
1618594016832 1.2208327054977417 5
1618594017186 1.1378847360610962 6
1618594017500 1.0869288444519043 7
1618594017817 1.0209323167800903 8
1618594018176 0.9250593185424805 9
1618594020428 1.6871981620788574 0
1618594020727 1.535553216934204 1
1618594021080 1.4158644676208496 2
1618594021439 1.3502297401428223 3
1618594021790 1.2522296905517578 4
1618594022152 1.136612892150879 5
1618594022498 1.049159049987793 6
1618594022825 0.8865549564361572 7
1618594025114 1.9018937349319458 0
1618594025417 1.6068223714828491 1
1618594025746 1.5376036167144775 2
1618594026105 1.3977196216583252 3
1618594026458 1.3329038619995117 4
1618594026791 1.2989718914031982 5
1618594027142 1.255176305770874 6
1618594027488 1.1812108755111694 7
1618594027839 1.0954030752182007 8
1618594030135 2.0060715675354004 0
1618594030442 1.612514853477478 1
1618594030781 1.4710172414779663 2
1618594031143 1.4539426565170288 3
1618594031505 1.3700141906738281 4
1618594031846 1.2992197275161743 5
1618594032204 1.2648019790649414 6
1618594032560 1.2310818433761597 7
1618594034842 1.7052135467529297 0
1618594035184 2.92829966545105 1
1618594035525 1.5896241664886475 2
1618594035867 1.639546275138855 3
1618594036233 1.7648303508758545 4
1618594036574 1.6593821048736572 5
1618594036914 1.474902868270874 6
1618594037285 1.3192261457443237 7
1618594037620 1.2416820526123047 8
1618594037979 1.2270101308822632 9
1618594040677 1.789052128791809 0
1618594040982 1.48732590675354 1
1618594041298 1.4902267456054688 2
1618594041636 1.3739252090454102 3
1618594041992 1.3154311180114746 4
1618594042366 1.211506962776184 5
1618594042708 1.1952979564666748 6
1618594043069 1.119436502456665 7
1618594043435 0.9754666090011597 8
1618594043801 0.9849444627761841 9
1618594046277 1.7653284072875977 0
1618594046596 2.320509910583496 1
1618594046943 1.7051492929458618 2
1618594047315 1.6013906002044678 3
1618594047650 1.284500241279602 4
1618594048023 1.3447380065917969 5
1618594048395 1.42097008228302 6
1618594048759 1.1565823554992676 7
1618594049092 1.105966329574585 8
1618594051403 1.805588722229004 0
1618594051683 1.9023962020874023 1
1618594051973 1.4778013229370117 2
1618594052316 1.40696382522583 3
1618594052656 1.4559855461120605 4
1618594052991 1.2428326606750488 5
1618594053321 1.297248125076294 6
1618594053688 1.2478587627410889 7
1618594054031 1.200650930404663 8
1618594056505 1.7869033813476562 0
1618594056797 1.7137179374694824 1
1618594057131 1.48163902759552 2
1618594057463 1.3171730041503906 3
1618594057786 1.207942247390747 4
1618594058114 1.2510617971420288 5
1618594058425 1.0927685499191284 6
1618594058745 0.9562805891036987 7
1618594059094 1.0064598321914673 8
1618594059429 0.7070909142494202 9
1618594061736 1.8026472330093384 0
1618594062385 1.9943890571594238 1
1618594062659 1.9260283708572388 2
1618594062958 1.4936389923095703 3
1618594063298 1.305168628692627 4
1618594063614 1.3271300792694092 5
1618594063948 1.350357174873352 6
1618594064301 1.164783000946045 7
1618594064613 0.9849156737327576 8
1618594064937 0.9068132638931274 9
1618594067276 2.5163402557373047 0
