1618584837765 0.25 0
1618584838630 0.1875 1
1618584838937 0.25 2
1618584839242 0.125 3
1618584839539 0.3125 4
1618584839843 0.25 5
1618584840148 0.3125 6
1618584840454 0.3125 7
1618584843192 0.1875 0
1618584843498 0.125 1
1618584843826 0.1875 2
1618584844128 0.25 3
1618584844427 0.3125 4
1618584844739 0.1875 5
1618584845040 0.25 6
1618584845340 0.125 7
1618584845653 0.25 8
1618584848373 0.125 0
1618584848698 0.25 1
1618584848996 0.1875 2
1618584849289 0.3125 3
1618584849601 0.125 4
1618584849913 0.1875 5
1618584850209 0.4375 6
1618584850514 0.375 7
1618584850822 0.4375 8
1618584851119 0.4375 9
1618584853840 0.0625 0
1618584854142 0.375 1
1618584854461 0.25 2
1618584854780 0.4375 3
1618584855078 0.1875 4
1618584855380 0.1875 5
1618584855693 0.1875 6
1618584855992 0.3125 7
1618584858677 0.125 0
1618584858983 0.25 1
1618584859292 0.25 2
1618584859593 0.1875 3
1618584859908 0.25 4
1618584860210 0.25 5
1618584860557 0.25 6
1618584860931 0.125 7
1618584864862 0.1875 0
1618584865236 0.25 1
1618584866547 0.1875 2
1618584866918 0.1875 3
1618584867296 0.25 4
1618584867712 0.1875 5
1618584868124 0.25 6
1618584868539 0.3125 7
1618584868972 0.1875 8
1618584872185 0.125 0
1618584873392 0.25 1
1618584873767 0.25 2
1618584874128 0.125 3
1618584874524 0.25 4
1618584874954 0.5 5
1618584875352 0.6875 6
1618584875789 0.375 7
1618584879064 0.125 0
1618584879462 0.3125 1
1618584879920 0.375 2
1618584880360 0.3125 3
1618584880820 0.1875 4
1618584881261 0.25 5
1618584881715 0.375 6
1618584885092 0.1875 0
1618584885522 0.5 1
1618584885990 0.25 2
1618584886418 0.1875 3
1618584886844 0.1875 4
1618584887251 0.375 5
1618584887668 0.25 6
1618584888085 0.4375 7
1618584888491 0.5 8
1618584891978 0.1875 0
1618584893189 0.375 1
1618584893555 0.25 2
1618584893942 0.125 3
1618584894326 0.125 4
1618584894745 0.3125 5
1618584895180 0.5 6
1618584895600 0.3125 7
1618584922242 0.1875 0
1618584922902 0.3125 1
1618584923231 0.3125 2
1618584923560 0.625 3
1618584923886 0.5 4
1618584924205 0.4375 5
1618584924529 0.6875 6
1618584924849 0.8125 7
1618584925187 0.875 8
1618584925514 1.0 9
1618584927999 0.125 0
1618584928303 0.3125 1
1618584928586 0.1875 2
1618584929198 0.375 3
1618584929487 0.1875 4
1618584929767 0.4375 5
1618584930039 0.375 6
1618584930326 0.75 7
1618584930596 0.875 8
1618584930880 1.0 9
1618584933241 0.25 0
1618584933528 0.1875 1
1618584933804 0.3125 2
1618584934084 0.4375 3
1618584934379 0.1875 4
1618584934667 0.4375 5
1618584934938 0.5625 6
1618584937285 0.125 0
1618584937562 0.25 1
1618584937847 0.375 2
1618584938122 0.25 3
1618584938426 0.5 4
1618584938700 0.625 5
1618584938995 0.8125 6
1618584939286 0.8125 7
1618584939574 0.9375 8
1618584941860 0.125 0
1618584942138 0.25 1
1618584942435 0.1875 2
1618584942743 0.1875 3
1618584943074 0.3125 4
1618584943440 0.3125 5
1618584943804 0.3125 6
1618584944166 0.75 7
1618584944516 0.875 8
1618584944907 0.875 9
1618584947718 0.1875 0
1618584947999 0.1875 1
1618584948658 0.25 2
1618584948945 0.375 3
1618584949623 0.4375 4
1618584949911 0.4375 5
1618584950225 0.8125 6
1618584950594 0.4375 7
1618584950911 0.375 8
1618584951222 0.375 9
1618584953527 0.1875 0
1618584953841 0.4375 1
1618584954165 0.4375 2
1618584954514 0.625 3
1618584954830 0.375 4
1618584955146 0.1875 5
1618584955481 0.5 6
1618584955817 0.6875 7
1618584956134 0.875 8
1618584958385 0.1875 0
1618584958660 0.1875 1
1618584958959 0.3125 2
1618584959304 0.6875 3
1618584959631 0.8125 4
1618584959967 0.875 5
1618584960301 0.9375 6
1618584960612 0.9375 7
1618584960931 1.0 8
1618584963171 0.25 0
1618584963497 0.3125 1
1618584963823 0.3125 2
1618584964161 0.625 3
1618584964530 0.625 4
1618584964882 0.625 5
1618584965223 0.8125 6
1618584965587 0.875 7
1618584965969 0.9375 8
1618584966315 0.9375 9
1618584968613 0.1875 0
1618584968916 0.1875 1
1618584969270 0.375 2
1618584969635 0.375 3
1618584969980 0.5 4
1618584970324 0.25 5
1618584970671 0.4375 6
1618584970998 0.6875 7
1618584971358 1.0 8
1618584971719 0.9375 9
1618584974338 0.0625 0
1618584974622 0.3125 1
1618584974920 0.3125 2
1618584975242 0.5625 3
1618584975591 0.6875 4
1618584975914 0.625 5
1618584976242 0.6875 6
1618584976973 0.8125 7
1618584977592 0.9375 8
1618584977872 0.9375 9
1618584980154 0.1875 0
1618584980458 0.25 1
1618584980739 0.5 2
1618584981054 0.3125 3
1618584981402 0.4375 4
1618584981719 0.625 5
1618584982041 0.75 6
1618584982374 0.6875 7
1618584982702 0.9375 8
1618584983025 0.9375 9
1618584985402 0.1875 0
1618584985680 0.1875 1
1618584985987 0.1875 2
1618584986310 0.5 3
1618584986659 0.5 4
1618584986972 0.8125 5
1618584987317 0.5625 6
1618584987669 0.6875 7
1618584987993 0.75 8
1618584988317 0.8125 9
1618584990661 0.3125 0
1618584990945 0.1875 1
1618584991252 0.25 2
1618584991602 0.5 3
1618584991927 0.5625 4
1618584992260 0.5625 5
1618584992602 0.6875 6
1618584992947 0.8125 7
1618584993256 0.8125 8
1618584993608 0.75 9
1618584995944 0.1875 0
1618584996241 0.1875 1
1618584996570 0.3125 2
1618584996893 0.5 3
1618584997226 0.5 4
1618584997592 0.5 5
1618584997925 0.625 6
1618584998254 0.75 7
1618585000452 0.1666666716337204 0
