1618584837765 1.7943861484527588 0
1618584838630 17.589359283447266 1
1618584838937 5.444145202636719 2
1618584839242 2.0628409385681152 3
1618584839539 1.787477970123291 4
1618584839843 1.79115891456604 5
1618584840148 1.7405966520309448 6
1618584840454 1.68044114112854 7
1618584843192 1.8755395412445068 0
1618584843498 12.453231811523438 1
1618584843826 5.853781700134277 2
1618584844128 1.8321726322174072 3
1618584844427 1.729172945022583 4
1618584844739 1.8335556983947754 5
1618584845040 1.780837059020996 6
1618584845340 1.7811777591705322 7
1618584845653 1.6956512928009033 8
1618584848373 1.7920476198196411 0
1618584848698 19.147539138793945 1
1618584848996 6.473980903625488 2
1618584849289 1.7796229124069214 3
1618584849601 1.7918877601623535 4
1618584849913 1.7749531269073486 5
1618584850209 1.7347006797790527 6
1618584850514 1.7151739597320557 7
1618584850822 1.553806185722351 8
1618584851119 1.689711093902588 9
1618584853840 1.8013319969177246 0
1618584854142 4.940304756164551 1
1618584854461 2.5395092964172363 2
1618584854780 1.781375527381897 3
1618584855078 1.7810049057006836 4
1618584855380 1.7381869554519653 5
1618584855693 1.6807116270065308 6
1618584855992 1.705018162727356 7
1618584858677 1.7917778491973877 0
1618584858983 10.191847801208496 1
1618584859292 2.9454710483551025 2
1618584859593 1.7832002639770508 3
1618584859908 1.7642936706542969 4
1618584860210 1.7232505083084106 5
1618584860557 1.8901569843292236 6
1618584860931 1.7436048984527588 7
1618584864862 1.7720210552215576 0
1618584865236 8.73221492767334 1
1618584866547 10.17480754852295 2
1618584866918 8.161323547363281 3
1618584867296 6.462321758270264 4
1618584867712 4.1037187576293945 5
1618584868124 2.7224197387695312 6
1618584868539 2.053553342819214 7
1618584868972 1.8707551956176758 8
1618584872185 1.8423175811767578 0
1618584873392 3.712712526321411 1
1618584873767 4.4094343185424805 2
1618584874128 2.880845546722412 3
1618584874524 1.7900806665420532 4
1618584874954 1.5605566501617432 5
1618584875352 1.4117540121078491 6
1618584875789 1.481689453125 7
1618584879064 1.821853518486023 0
1618584879462 3.6163909435272217 1
1618584879920 6.689569473266602 2
1618584880360 3.732347011566162 3
1618584880820 2.409607172012329 4
1618584881261 1.8767063617706299 5
1618584881715 1.6145323514938354 6
1618584885092 1.7917592525482178 0
1618584885522 2.6037185192108154 1
1618584885990 5.049953460693359 2
1618584886418 4.437536716461182 3
1618584886844 3.436831474304199 4
1618584887251 2.3009023666381836 5
1618584887668 1.8201829195022583 6
1618584888085 1.7018496990203857 7
1618584888491 1.691169261932373 8
1618584891978 1.8285853862762451 0
1618584893189 3.5542705059051514 1
1618584893555 5.482503890991211 2
1618584893942 4.487631320953369 3
1618584894326 1.9476737976074219 4
1618584894745 1.7677955627441406 5
1618584895180 1.5909793376922607 6
1618584895600 1.5967155694961548 7
1618584922242 2.1477279663085938 0
1618584922902 3.1239609718322754 1
1618584923231 2.2810966968536377 2
1618584923560 1.503525972366333 3
1618584923886 1.3836512565612793 4
1618584924205 1.2298777103424072 5
1618584924529 0.9637329578399658 6
1618584924849 0.7700990438461304 7
1618584925187 0.5984988212585449 8
1618584925514 0.2834761440753937 9
1618584927999 2.1481900215148926 0
1618584928303 3.2321250438690186 1
1618584928586 2.641181468963623 2
1618584929198 1.7187721729278564 3
1618584929487 1.6719558238983154 4
1618584929767 1.3875129222869873 5
1618584930039 1.4444669485092163 6
1618584930326 1.0788559913635254 7
1618584930596 0.8693088293075562 8
1618584930880 0.6240748763084412 9
1618584933241 2.1550748348236084 0
1618584933528 3.5166428089141846 1
1618584933804 3.0761191844940186 2
1618584934084 1.940565586090088 3
1618584934379 1.6484463214874268 4
1618584934667 1.3620264530181885 5
1618584934938 1.219868779182434 6
1618584937285 1.8391705751419067 0
1618584937562 3.3025825023651123 1
1618584937847 2.3042030334472656 2
1618584938122 1.758817434310913 3
1618584938426 1.316056489944458 4
1618584938700 1.3064854145050049 5
1618584938995 1.0138534307479858 6
1618584939286 0.8785324692726135 7
1618584939574 0.6130520105361938 8
1618584941860 2.0038771629333496 0
1618584942138 3.29870867729187 1
1618584942435 2.6843485832214355 2
1618584942743 1.7044198513031006 3
1618584943074 1.576168179512024 4
1618584943440 1.4748866558074951 5
1618584943804 1.3521153926849365 6
1618584944166 1.0688825845718384 7
1618584944516 0.8150644302368164 8
1618584944907 0.648783802986145 9
1618584947718 2.1279215812683105 0
1618584947999 2.0287954807281494 1
1618584948658 1.9473118782043457 2
1618584948945 1.8028756380081177 3
1618584949623 1.638273000717163 4
1618584949911 1.517615795135498 5
1618584950225 1.4790151119232178 6
1618584950594 1.4651411771774292 7
1618584950911 1.432685136795044 8
1618584951222 1.3692853450775146 9
1618584953527 1.8663897514343262 0
1618584953841 2.218538284301758 1
1618584954165 1.8180081844329834 2
1618584954514 1.4829622507095337 3
1618584954830 1.4410719871520996 4
1618584955146 1.432660460472107 5
1618584955481 1.2839187383651733 6
1618584955817 1.1105175018310547 7
1618584956134 0.9751772284507751 8
1618584958385 1.89353609085083 0
1618584958660 1.7262790203094482 1
1618584958959 1.575467824935913 2
1618584959304 1.4505345821380615 3
1618584959631 1.2980453968048096 4
1618584959967 1.1125531196594238 5
1618584960301 0.9136782884597778 6
1618584960612 0.691520094871521 7
1618584960931 0.486452579498291 8
1618584963171 1.9018347263336182 0
1618584963497 1.6915440559387207 1
1618584963823 1.5694634914398193 2
1618584964161 1.440966010093689 3
1618584964530 1.3733432292938232 4
1618584964882 1.295177936553955 5
1618584965223 1.1782851219177246 6
1618584965587 1.0508171319961548 7
1618584965969 0.8936372399330139 8
1618584966315 0.7477657198905945 9
1618584968613 1.9144474267959595 0
1618584968916 2.127833127975464 1
1618584969270 1.8662478923797607 2
1618584969635 1.5029549598693848 3
1618584969980 1.3422664403915405 4
1618584970324 1.3936012983322144 5
1618584970671 1.2863731384277344 6
1618584970998 1.0881597995758057 7
1618584971358 0.9421172738075256 8
1618584971719 0.8506119847297668 9
1618584974338 1.8035367727279663 0
1618584974622 1.7384835481643677 1
1618584974920 1.6059309244155884 2
1618584975242 1.5296063423156738 3
1618584975591 1.485802412033081 4
1618584975914 1.4649665355682373 5
1618584976242 1.3595468997955322 6
1618584976973 1.1321032047271729 7
1618584977592 0.967104434967041 8
1618584977872 0.7761861681938171 9
1618584980154 1.7923169136047363 0
1618584980458 1.707800030708313 1
1618584980739 1.6138818264007568 2
1618584981054 1.5301196575164795 3
1618584981402 1.5113651752471924 4
1618584981719 1.2971748113632202 5
1618584982041 1.1731164455413818 6
1618584982374 1.283590316772461 7
1618584982702 0.9903935790061951 8
1618584983025 0.8208824396133423 9
1618584985402 1.784255027770996 0
1618584985680 1.7597030401229858 1
1618584985987 1.6216862201690674 2
1618584986310 1.5712924003601074 3
1618584986659 1.4807374477386475 4
1618584986972 1.2718024253845215 5
1618584987317 1.2806316614151 6
1618584987669 1.2622531652450562 7
1618584987993 1.0950968265533447 8
1618584988317 0.860408365726471 9
1618584990661 1.7952725887298584 0
1618584990945 1.7779262065887451 1
1618584991252 1.8179433345794678 2
1618584991602 1.659040927886963 3
1618584991927 1.4490412473678589 4
1618584992260 1.3760472536087036 5
1618584992602 1.3019564151763916 6
1618584992947 1.1581487655639648 7
1618584993256 1.1721882820129395 8
1618584993608 1.0713152885437012 9
1618584995944 1.7797646522521973 0
1618584996241 1.9474310874938965 1
1618584996570 1.7886061668395996 2
1618584996893 1.506690263748169 3
1618584997226 1.5750678777694702 4
1618584997592 1.371599793434143 5
1618584997925 1.3911170959472656 6
1618584998254 1.1648197174072266 7
1618585000449 4.262547969818115 0
