1618593786745 1.7401776313781738 0
1618593787610 56.375816345214844 1
1618593787927 26.463300704956055 2
1618593788227 2.8483283519744873 3
1618593788553 1.9064693450927734 4
1618593788866 1.6751469373703003 5
1618593789172 1.685129165649414 6
1618593789484 1.6251933574676514 7
1618593789797 1.6657798290252686 8
1618593790105 1.5355122089385986 9
1618593792910 1.8778917789459229 0
1618593793213 14.919234275817871 1
1618593793539 3.2371268272399902 2
1618593793839 1.797720193862915 3
1618593794129 1.7870895862579346 4
1618593794451 1.7743769884109497 5
1618593794746 1.9009637832641602 6
1618593795049 1.7730826139450073 7
1618593795351 1.770006775856018 8
