1618606071896 0.0625 0
1618606072212 0.3125 1
1618606072525 0.25 2
1618606072826 0.25 3
1618606073142 0.25 4
1618606073448 0.1875 5
1618606073740 0.25 6
1618606074030 0.1875 7
1618606074325 0.1875 8
1618606074628 0.1875 9
1618606077311 0.25 0
1618606077636 0.3125 1
1618606077947 0.25 2
1618606078264 0.3125 3
1618606078580 0.5 4
1618606078890 0.4375 5
1618606079196 0.5 6
1618606079546 0.5 7
1618606079870 0.6875 8
1618606082558 0.125 0
1618606082869 0.25 1
1618606083174 0.125 2
1618606083482 0.3125 3
1618606083775 0.375 4
1618606084080 0.3125 5
1618606084378 0.25 6
1618606084688 0.125 7
1618606084990 0.1875 8
1618606087698 0.1875 0
1618606088011 0.3125 1
1618606088313 0.125 2
1618606088614 0.25 3
1618606088913 0.25 4
1618606089213 0.3125 5
1618606089521 0.3125 6
1618606089816 0.125 7
1618606090114 0.25 8
1618606092803 0.125 0
1618606093102 0.4375 1
1618606093421 0.1875 2
1618606093763 0.25 3
1618606094100 0.25 4
1618606094482 0.25 5
1618606094849 0.25 6
1618606095217 0.25 7
1618606095596 0.25 8
1618606095967 0.25 9
1618606099852 0.25 0
1618606100213 0.3125 1
1618606100604 0.25 2
1618606101078 0.1875 3
1618606101537 0.125 4
1618606101980 0.1875 5
1618606102396 0.125 6
1618606102816 0.4375 7
1618606103216 0.4375 8
1618606103646 0.625 9
1618606106781 0.125 0
1618606107150 0.3125 1
1618606107556 0.1875 2
1618606107990 0.3125 3
1618606108398 0.3125 4
1618606108821 0.3125 5
1618606109226 0.3125 6
1618606109645 0.375 7
1618606110043 0.3125 8
1618606110448 0.375 9
1618606113728 0.25 0
1618606114125 0.3125 1
1618606114572 0.25 2
1618606115016 0.1875 3
1618606115478 0.1875 4
1618606115953 0.1875 5
1618606116397 0.25 6
1618606116863 0.375 7
1618606117310 0.625 8
1618606117780 0.5625 9
1618606140194 0.125 0
1618606140557 0.3125 1
1618606140942 0.25 2
1618606141288 0.1875 3
1618606141659 0.1875 4
1618606142821 0.25 5
1618606143191 0.5 6
1618606143551 0.3125 7
1618606143933 0.5625 8
1618606144299 0.625 9
1618606147470 0.25 0
1618606147849 0.3125 1
1618606148219 0.25 2
1618606148594 0.1875 3
1618606148972 0.125 4
1618606149331 0.125 5
1618606149699 0.25 6
1618606150073 0.3125 7
1618606150439 0.375 8
1618606150807 0.3125 9
1618606154149 0.0625 0
1618606154422 0.25 1
1618606154704 0.25 2
1618606155009 0.5 3
1618606155279 0.5 4
1618606155549 0.5625 5
1618606155835 0.75 6
1618606156478 0.6875 7
1618606156749 0.9375 8
1618606157038 0.9375 9
1618606159361 0.0625 0
1618606159637 0.375 1
1618606159928 0.375 2
1618606160224 0.5625 3
1618606160499 0.75 4
1618606160782 1.0 5
1618606161094 1.0 6
1618606161365 1.0 7
1618606161638 1.0 8
1618606161931 1.0 9
1618606164271 0.125 0
1618606164585 0.3125 1
1618606164934 0.1875 2
1618606165302 0.4375 3
1618606165675 0.375 4
1618606166035 0.375 5
1618606166388 0.5625 6
1618606166742 0.25 7
1618606167128 0.375 8
1618606167492 0.3125 9
1618606169981 0.1875 0
1618606170299 0.25 1
1618606170655 0.3125 2
1618606171007 0.1875 3
1618606171348 0.4375 4
1618606171693 0.5 5
1618606172068 0.625 6
1618606172447 0.5 7
1618606172787 0.75 8
1618606173118 0.75 9
1618606175399 0.125 0
1618606175683 0.3125 1
1618606175991 0.3125 2
1618606176320 0.4375 3
1618606176649 0.625 4
1618606176981 0.5625 5
1618606177307 0.8125 6
1618606177635 0.6875 7
1618606177982 1.0 8
1618606178321 1.0 9
1618606180906 0.0625 0
1618606181182 0.3125 1
1618606181458 0.3125 2
1618606181759 0.5625 3
1618606182093 0.5 4
1618606182450 0.6875 5
1618606183125 0.75 6
1618606183409 0.8125 7
1618606183730 0.625 8
1618606184089 0.625 9
1618606186328 0.0625 0
1618606186620 0.3125 1
1618606186963 0.25 2
1618606187320 0.3125 3
1618606187664 0.3125 4
1618606188016 0.6875 5
1618606188355 0.5625 6
1618606188690 0.625 7
1618606189045 0.625 8
1618606189388 0.625 9
1618606191660 0.3125 0
1618606191968 0.1875 1
1618606192325 0.3125 2
1618606192668 0.5625 3
1618606192994 0.3125 4
1618606193328 0.6875 5
1618606193649 0.375 6
1618606193977 0.4375 7
1618606194317 0.5625 8
1618606194642 0.625 9
1618606196841 0.1875 0
1618606197141 0.3125 1
1618606197439 0.25 2
1618606197742 0.25 3
1618606198094 0.6875 4
1618606198477 0.5 5
1618606198805 0.5 6
1618606199144 0.3125 7
1618606199479 0.375 8
1618606199794 0.4375 9
1618606202102 0.1875 0
1618606202394 0.3125 1
1618606202729 0.25 2
1618606203087 0.25 3
1618606203450 0.25 4
1618606203796 0.625 5
1618606204155 0.375 6
1618606204505 0.4375 7
1618606204855 0.5 8
1618606205203 0.3125 9
1618606207859 0.0625 0
1618606208159 0.25 1
1618606208481 0.375 2
1618606208819 0.4375 3
1618606209193 0.4375 4
1618606209546 0.5 5
1618606209904 0.5625 6
1618606210261 0.6875 7
1618606210614 0.6875 8
1618606210970 0.6875 9
1618606213360 0.125 0
1618606213676 0.3125 1
1618606214025 0.3125 2
1618606214375 0.3125 3
1618606214730 0.3125 4
1618606215098 0.5 5
1618606215439 0.625 6
1618606217824 0.125 0
1618606218151 0.3125 1
1618606218498 0.3125 2
1618606218839 0.375 3
1618606219204 0.4375 4
1618606219544 0.4375 5
1618606219896 0.75 6
1618606222320 0.125 0
1618606222629 0.3125 1
1618606222994 0.1875 2
1618606223753 0.1875 3
1618606224050 0.625 4
1618606224371 0.375 5
1618606224712 0.4375 6
1618606225067 0.5 7
1618606225427 0.625 8
1618606225766 0.5 9
1618606228199 0.25 0
1618606228531 0.4375 1
1618606228870 0.1875 2
1618606229227 0.6875 3
1618606229569 0.4375 4
1618606229914 0.625 5
1618606230260 0.6875 6
1618606230613 0.5625 7
1618606230955 0.625 8
1618606231304 0.875 9
1618606233321 0.4166666567325592 0
