1618643986410 0.25 0
1618643986733 0.3125 1
1618643987643 0.25 2
1618643987943 0.1875 3
1618643988247 0.1875 4
1618643988560 0.25 5
1618643988846 0.3125 6
1618643989141 0.25 7
1618643989444 0.25 8
1618643992137 0.1875 0
1618643992456 0.3125 1
1618643993373 0.1875 2
1618643993688 0.0625 3
1618643993983 0.0625 4
1618643994309 0.1875 5
1618643994660 0.25 6
1618643995004 0.125 7
1618643995353 0.1875 8
1618643998188 0.25 0
1618643998609 0.3125 1
1618643998994 0.3125 2
1618643999441 0.1875 3
1618643999846 0.1875 4
1618644000246 0.1875 5
1618644000655 0.1875 6
1618644001045 0.1875 7
1618644001449 0.125 8
1618644004778 0.125 0
1618644005139 0.25 1
1618644005542 0.0625 2
1618644005917 0.3125 3
1618644006310 0.3125 4
1618644006713 0.3125 5
1618644007062 0.3125 6
1618644007418 0.375 7
1618644010231 0.3125 0
1618644010567 0.1875 1
1618644010890 0.1875 2
1618644011228 0.25 3
1618644011585 0.3125 4
1618644011924 0.375 5
1618644012291 0.1875 6
1618644012647 0.375 7
1618644012996 0.3125 8
1618644041777 0.25 0
1618644042149 0.3125 1
1618644043326 0.25 2
1618644043702 0.1875 3
1618644044871 0.3125 4
1618644045236 0.1875 5
1618644045598 0.125 6
1618644045953 0.1875 7
1618644046303 0.3125 8
1618644046668 0.375 9
1618644049879 0.0 0
1618644050239 0.3125 1
1618644050615 0.25 2
1618644050975 0.1875 3
1618644051333 0.1875 4
1618644051699 0.125 5
1618644052070 0.25 6
1618644052418 0.3125 7
1618644052783 0.3125 8
1618644053137 0.3125 9
1618644056317 0.125 0
1618644056693 0.3125 1
1618644057057 0.25 2
1618644057411 0.1875 3
1618644057782 0.1875 4
1618644058138 0.1875 5
1618644058507 0.125 6
1618644058887 0.125 7
1618644059237 0.4375 8
1618644059601 0.375 9
1618644062725 0.1875 0
1618644063080 0.3125 1
1618644064351 0.25 2
1618644064715 0.25 3
1618644065080 0.125 4
1618644065432 0.25 5
1618644065790 0.25 6
1618644066133 0.5625 7
1618644066483 0.3125 8
1618644066848 0.3125 9
1618644070016 0.25 0
1618644070392 0.3125 1
1618644070743 0.25 2
1618644071112 0.1875 3
1618644071475 0.3125 4
1618644071893 0.25 5
1618644072327 0.1875 6
1618644072798 0.125 7
1618644073308 0.25 8
1618644073780 0.375 9
1618644077401 0.125 0
1618644077680 0.3125 1
1618644078415 0.25 2
1618644078701 0.3125 3
1618644079055 0.3125 4
1618644079412 0.375 5
1618644080154 0.375 6
1618644080433 0.6875 7
1618644080721 0.5 8
1618644081063 0.875 9
1618644083444 0.125 0
1618644083722 0.3125 1
1618644084054 0.3125 2
1618644084360 0.4375 3
1618644084683 0.25 4
1618644085044 0.3125 5
1618644085382 0.5625 6
1618644085700 0.6875 7
1618644086036 0.75 8
1618644086360 0.8125 9
1618644088713 0.0625 0
1618644089020 0.3125 1
1618644089328 0.25 2
1618644089646 0.4375 3
1618644089991 0.6875 4
1618644090319 0.375 5
1618644107595 0.9375 6
1618644107899 0.9375 7
1618644108170 0.9375 8
1618644108447 1.0 9
1618644116949 0.25 0
1618644117251 0.3125 1
1618644117534 0.1875 2
1618644117803 0.4375 3
1618644118099 0.3125 4
1618644118402 0.5625 5
1618644118680 0.625 6
1618644118948 0.8125 7
1618644119250 0.875 8
1618644119541 0.9375 9
1618644121819 0.3125 0
1618644122104 0.4375 1
1618644122403 0.375 2
1618644122672 0.4375 3
1618644122961 0.125 4
1618644123277 0.5 5
1618644123569 0.5 6
1618644123849 0.75 7
1618644124140 0.6875 8
1618644126789 0.3125 0
1618644127059 0.25 1
1618644127365 0.3125 2
1618644127644 0.3125 3
1618644128189 0.4375 4
1618644128466 0.4375 5
1618644128736 0.5 6
1618644129014 0.5625 7
1618644129317 0.5625 8
1618644129597 0.5625 9
1618644131710 0.0625 0
1618644131980 0.3125 1
1618644132280 0.375 2
1618644132549 0.4375 3
1618644132816 0.625 4
1618644133094 0.6875 5
1618644133391 0.5 6
1618644133666 0.5625 7
1618644133931 0.5 8
1618644134207 0.5 9
1618644136335 0.1875 0
1618644136607 0.3125 1
1618644136871 0.3125 2
1618644137178 0.25 3
1618644137531 0.375 4
1618644137864 0.4375 5
1618644138218 0.25 6
1618644138592 0.25 7
1618644138922 0.4375 8
1618644139283 0.5 9
1618644141538 0.125 0
1618644141810 0.4375 1
1618644142107 0.3125 2
1618644142454 0.5625 3
1618644142777 0.5625 4
1618644143099 0.5 5
1618644143730 0.5 6
1618644144000 0.5 7
1618644144323 0.5625 8
1618644144637 0.5625 9
1618644146871 0.25 0
1618644147156 0.3125 1
1618644147470 0.375 2
1618644147788 0.375 3
1618644148115 0.375 4
1618644148450 0.375 5
1618644148771 0.4375 6
1618644149101 0.5 7
1618644149454 0.375 8
1618644149788 0.375 9
1618644152401 0.125 0
1618644152672 0.3125 1
1618644152959 0.375 2
1618644153279 0.5 3
1618644153583 0.5625 4
1618644153887 0.5625 5
1618644154609 0.6875 6
1618644154886 0.75 7
1618644155190 0.875 8
1618644155527 0.875 9
1618644157807 0.3125 0
1618644158100 0.375 1
1618644158419 0.375 2
1618644158723 0.5625 3
1618644159040 0.5 4
1618644159390 0.375 5
1618644159713 0.5625 6
1618644160025 0.625 7
1618644160373 0.75 8
1618644160701 0.875 9
1618644163040 0.0625 0
1618644163353 0.4375 1
1618644163648 0.5 2
1618644163976 0.375 3
1618644164313 0.4375 4
1618644164632 0.5 5
1618644164944 0.5625 6
1618644165286 0.6875 7
1618644165621 0.6875 8
1618644165950 0.8125 9
1618644168420 0.0625 0
1618644168698 0.375 1
1618644168998 0.4375 2
1618644169326 0.375 3
1618644169655 0.5625 4
1618644169979 0.5 5
1618644170317 0.5 6
1618644170632 0.5625 7
1618644170960 0.6875 8
1618644171304 0.75 9
1618644173625 0.0625 0
1618644173921 0.3125 1
1618644174229 0.25 2
1618644174544 0.3125 3
1618644174847 0.1875 4
1618644175169 0.5625 5
1618644175522 0.375 6
1618644175832 0.4375 7
1618644176160 0.5 8
1618644176505 0.4375 9
1618644178825 0.3333333432674408 0
