1618643986410 1.8251609802246094 0
1618643986733 25.75784683227539 1
1618643987643 6.011473655700684 2
1618643987943 1.823974847793579 3
1618643988247 1.7773535251617432 4
1618643988560 1.7651221752166748 5
1618643988846 1.7407221794128418 6
1618643989141 1.7626426219940186 7
1618643989444 1.723142385482788 8
1618643992137 1.8578400611877441 0
1618643992456 10.821358680725098 1
1618643993373 3.178652763366699 2
1618643993688 1.8434929847717285 3
1618643993983 1.7943027019500732 4
1618643994309 1.7897000312805176 5
1618643994660 1.7823398113250732 6
1618643995004 1.7847514152526855 7
1618643995353 1.7735786437988281 8
1618643998188 1.8291538953781128 0
1618643998609 38.25438690185547 1
1618643998994 11.529959678649902 2
1618643999441 2.1139347553253174 3
1618643999846 1.7932709455490112 4
1618644000246 1.7905980348587036 5
1618644000655 1.7836594581604004 6
1618644001045 1.6993252038955688 7
1618644001449 1.7022440433502197 8
1618644004778 1.806689977645874 0
1618644005139 13.576154708862305 1
1618644005542 2.2771108150482178 2
1618644005917 1.7691364288330078 3
1618644006310 1.7410895824432373 4
1618644006713 1.74663507938385 5
1618644007062 1.5984300374984741 6
1618644007418 1.6318395137786865 7
1618644010231 1.724027395248413 0
1618644010567 51.88471984863281 1
1618644010890 27.684619903564453 2
1618644011228 2.2245492935180664 3
1618644011585 1.7287123203277588 4
1618644011924 1.6233351230621338 5
1618644012291 1.6852538585662842 6
1618644012647 1.5141974687576294 7
1618644012996 1.4651086330413818 8
1618644041777 1.7786673307418823 0
1618644042149 10.650070190429688 1
1618644043326 13.913199424743652 2
1618644043702 9.508050918579102 3
1618644044871 4.431882858276367 4
1618644045236 2.7156219482421875 5
1618644045598 1.8901698589324951 6
1618644045953 1.7590607404708862 7
1618644046303 1.7265437841415405 8
1618644046668 1.7194037437438965 9
1618644049879 1.7884371280670166 0
1618644050239 5.283405780792236 1
1618644050615 6.2574052810668945 2
1618644050975 4.216958522796631 3
1618644051333 2.9136319160461426 4
1618644051699 2.0440869331359863 5
1618644052070 1.714629888534546 6
1618644052418 1.5687254667282104 7
1618644052783 1.567129373550415 8
1618644053137 1.5570180416107178 9
1618644056317 1.8750011920928955 0
1618644056693 8.972789764404297 1
1618644057057 8.425956726074219 2
1618644057411 6.194771766662598 3
1618644057782 2.5468082427978516 4
1618644058138 1.8344533443450928 5
1618644058507 1.7053992748260498 6
1618644058887 1.6965956687927246 7
1618644059237 1.7003027200698853 8
1618644059601 1.6989649534225464 9
1618644062725 1.7982653379440308 0
1618644063080 3.812958240509033 1
1618644064351 4.74342155456543 2
1618644064715 3.092463970184326 3
1618644065080 2.397261619567871 4
1618644065432 1.8002071380615234 5
1618644065790 1.6965606212615967 6
1618644066133 1.7075165510177612 7
1618644066483 1.6983435153961182 8
1618644066848 1.6352037191390991 9
1618644070016 1.6903091669082642 0
1618644070392 14.593900680541992 1
1618644070743 23.241613388061523 2
1618644071112 10.645047187805176 3
1618644071475 6.698012351989746 4
1618644071893 3.7876195907592773 5
1618644072327 2.452589511871338 6
1618644072798 1.9343624114990234 7
1618644073308 1.7774004936218262 8
1618644073780 1.7622020244598389 9
1618644077401 2.2407071590423584 0
1618644077680 2.7027151584625244 1
1618644078415 2.261702060699463 2
1618644078701 1.7438673973083496 3
1618644079055 1.6343562602996826 4
1618644079412 1.3618826866149902 5
1618644080154 1.2579939365386963 6
1618644080433 1.1242878437042236 7
1618644080721 0.9822953343391418 8
1618644081063 0.7292562127113342 9
1618644083444 1.893069863319397 0
1618644083722 3.502166748046875 1
1618644084054 3.1935276985168457 2
1618644084360 1.7674330472946167 3
1618644084683 2.0679306983947754 4
1618644085044 1.47633695602417 5
1618644085382 1.3095206022262573 6
1618644085700 1.1082125902175903 7
1618644086036 0.9852136373519897 8
1618644086360 0.8225084543228149 9
1618644088713 2.3208835124969482 0
1618644089020 3.28519868850708 1
1618644089328 1.7723557949066162 2
1618644089646 1.660334587097168 3
1618644089991 1.2190216779708862 4
1618644090319 1.20290207862854 5
1618644107595 0.7955511212348938 6
1618644107899 0.5469448566436768 7
1618644108170 0.30651867389678955 8
1618644108447 0.22077009081840515 9
1618644116949 1.803896427154541 0
1618644117251 3.895214319229126 1
1618644117534 2.7118473052978516 2
1618644117803 1.4330699443817139 3
1618644118099 1.6626209020614624 4
1618644118402 1.1421366930007935 5
1618644118680 1.1394665241241455 6
1618644118948 0.9524859189987183 7
1618644119250 0.7762346267700195 8
1618644119541 0.5001809597015381 9
1618644121819 1.847475528717041 0
1618644122104 2.900432586669922 1
1618644122403 2.079072952270508 2
1618644122672 1.3698468208312988 3
1618644122961 2.71643328666687 4
1618644123277 1.1571147441864014 5
1618644123569 1.3691046237945557 6
1618644123849 1.3347066640853882 7
1618644124140 1.0698542594909668 8
1618644126789 1.804412603378296 0
1618644127059 2.6422786712646484 1
1618644127365 1.7108436822891235 2
1618644127644 1.785388469696045 3
1618644128189 1.7834237813949585 4
1618644128466 1.6429388523101807 5
1618644128736 1.4663219451904297 6
1618644129014 1.332282543182373 7
1618644129317 1.2499324083328247 8
1618644129597 1.178943395614624 9
1618644131710 2.2622900009155273 0
1618644131980 1.986133098602295 1
1618644132280 1.9405112266540527 2
1618644132549 1.8894232511520386 3
1618644132816 1.8170799016952515 4
1618644133094 1.749497890472412 5
1618644133391 1.6777671575546265 6
1618644133666 1.6176902055740356 7
1618644133931 1.538002371788025 8
1618644134207 1.4665496349334717 9
1618644136335 1.8212436437606812 0
1618644136607 3.708033323287964 1
1618644136871 2.2911815643310547 2
1618644137178 2.0340564250946045 3
1618644137531 1.8849303722381592 4
1618644137864 1.8229292631149292 5
1618644138218 1.7057883739471436 6
1618644138592 1.5135340690612793 7
1618644138922 1.3611072301864624 8
1618644139283 1.3038898706436157 9
1618644141538 1.8928415775299072 0
1618644141810 1.8961946964263916 1
1618644142107 1.8323670625686646 2
1618644142454 1.6812533140182495 3
1618644142777 1.5006248950958252 4
1618644143099 1.4193286895751953 5
1618644143730 1.4021011590957642 6
1618644144000 1.4044631719589233 7
1618644144323 1.3708922863006592 8
1618644144637 1.2997163534164429 9
1618644146871 1.8605937957763672 0
1618644147156 2.538828134536743 1
1618644147470 1.6527981758117676 2
1618644147788 1.7912671566009521 3
1618644148115 1.761763572692871 4
1618644148450 1.544417142868042 5
1618644148771 1.3569462299346924 6
1618644149101 1.2834439277648926 7
1618644149454 1.2776868343353271 8
1618644149788 1.2481610774993896 9
1618644152401 1.7922735214233398 0
1618644152672 1.6216402053833008 1
1618644152959 1.4621782302856445 2
1618644153279 1.4004669189453125 3
1618644153583 1.3469972610473633 4
1618644153887 1.1357191801071167 5
1618644154609 1.0341095924377441 6
1618644154886 0.9228219985961914 7
1618644155190 0.7727112770080566 8
1618644155527 0.7182314395904541 9
1618644157807 1.7771466970443726 0
1618644158100 1.559406042098999 1
1618644158419 1.463735580444336 2
1618644158723 1.369473934173584 3
1618644159040 1.2951045036315918 4
1618644159390 1.3560168743133545 5
1618644159713 1.1730139255523682 6
1618644160025 1.0153610706329346 7
1618644160373 0.9037454128265381 8
1618644160701 0.7744526863098145 9
1618644163040 1.8732125759124756 0
1618644163353 1.5852241516113281 1
1618644163648 1.4938385486602783 2
1618644163976 1.4699454307556152 3
1618644164313 1.5149626731872559 4
1618644164632 1.4125020503997803 5
1618644164944 1.34256911277771 6
1618644165286 1.1062331199645996 7
1618644165621 1.1000539064407349 8
1618644165950 0.9063184857368469 9
1618644168420 1.8212757110595703 0
1618644168698 1.5858128070831299 1
1618644168998 1.5221959352493286 2
1618644169326 1.3608006238937378 3
1618644169655 1.259093165397644 4
1618644169979 1.2415235042572021 5
1618644170317 1.1167402267456055 6
1618644170632 1.0884596109390259 7
1618644170960 0.8721364736557007 8
1618644171304 0.8700336813926697 9
1618644173625 1.8263776302337646 0
1618644173921 2.1594974994659424 1
1618644174229 1.8801374435424805 2
1618644174544 1.6809360980987549 3
1618644174847 1.5805683135986328 4
1618644175169 1.3252092599868774 5
1618644175522 1.5646641254425049 6
1618644175832 1.4608219861984253 7
1618644176160 1.314253568649292 8
1618644176505 1.2476539611816406 9
1618644178822 2.2636566162109375 0
