1618605466469 1.7575892210006714 0
1618605466784 18.440406799316406 1
1618605467090 10.32509994506836 2
1618605467395 2.24857497215271 3
1618605467703 1.720346212387085 4
1618605467995 1.8095457553863525 5
1618605468294 1.773036241531372 6
1618605468598 1.7897928953170776 7
1618605468892 1.7922927141189575 8
1618605471581 1.9363949298858643 0
1618605471890 16.198270797729492 1
1618605472193 4.0169477462768555 2
1618605472487 1.8174279928207397 3
1618605472783 1.7990490198135376 4
1618605473082 1.799735188484192 5
1618605473378 1.7966907024383545 6
1618605473686 1.8012638092041016 7
1618605473973 1.7888273000717163 8
1618605474280 1.7981889247894287 9
1618605476950 1.8389397859573364 0
1618605477259 30.44527244567871 1
1618605477589 12.4545259475708 2
1618605477896 3.9891910552978516 3
1618605478198 1.880647897720337 4
1618605478507 1.7671632766723633 5
1618605478805 1.7872583866119385 6
1618605479104 1.6980152130126953 7
1618605481761 1.8801610469818115 0
1618605482068 7.572679042816162 1
1618605482373 2.0624897480010986 2
1618605482680 1.7775919437408447 3
1618605482976 1.8166868686676025 4
1618605483278 1.7269610166549683 5
1618605483588 1.7011966705322266 6
1618605483890 1.6495283842086792 7
1618605484738 1.592047929763794 8
1618605485049 1.568987488746643 9
1618605487811 1.7765079736709595 0
1618605488117 38.385101318359375 1
1618605488414 10.779489517211914 2
1618605488720 2.360539436340332 3
1618605489025 1.802995204925537 4
1618605489336 1.7783536911010742 5
1618605489692 1.7721242904663086 6
1618605490039 1.7801445722579956 7
1618605490378 1.7632697820663452 8
1618605494128 1.8014518022537231 0
1618605494496 5.348321914672852 1
1618605494867 6.345671653747559 2
1618605496117 5.381267547607422 3
1618605496478 3.9226787090301514 4
1618605496863 2.646759510040283 5
1618605497260 2.077329635620117 6
1618605497688 1.8516000509262085 7
1618605498117 1.7330654859542847 8
1618605498526 1.703314185142517 9
1618605501872 1.7972135543823242 0
1618605502270 6.310649394989014 1
1618605502703 5.028626441955566 2
1618605503147 3.6061649322509766 3
1618605503595 2.596691846847534 4
1618605504059 2.1519689559936523 5
1618605504510 1.8618487119674683 6
1618605504973 1.6313629150390625 7
1618605505407 1.6358262300491333 8
1618605508797 1.7851495742797852 0
1618605509203 3.4983177185058594 1
1618605509645 2.7193713188171387 2
1618605510094 2.222343921661377 3
1618605510522 1.9979169368743896 4
1618605510954 1.7923979759216309 5
1618605511360 1.717078447341919 6
1618605511787 1.7077044248580933 7
1618605512190 1.6943879127502441 8
1618605515426 1.8110167980194092 0
1618605515809 7.249273300170898 1
1618605516191 6.063334941864014 2
1618605516602 3.780367851257324 3
1618605518002 3.302804946899414 4
1618605518364 2.370373010635376 5
1618605518758 1.8615267276763916 6
1618605519165 1.663837194442749 7
1618605519600 1.6163301467895508 8
1618605520046 1.5853486061096191 9
1618605523287 1.7990819215774536 0
1618605523661 6.4112229347229 1
1618605524047 3.4380152225494385 2
1618605524463 3.4793412685394287 3
1618605524908 2.6510202884674072 4
1618605525324 2.070890426635742 5
1618605525773 1.8461289405822754 6
1618605526195 1.735093593597412 7
1618605526608 1.7150230407714844 8
1618605552169 2.482390880584717 0
1618605552466 4.194575309753418 1
1618605553080 3.3286757469177246 2
1618605553378 2.364417791366577 3
1618605553669 1.621429443359375 4
1618605553935 1.7503466606140137 5
1618605554214 1.6726841926574707 6
1618605554513 1.666913628578186 7
1618605554783 1.539219617843628 8
1618605555077 1.4307279586791992 9
1618605557371 2.0226056575775146 0
1618605557640 4.3622589111328125 1
1618605557909 2.4682583808898926 2
1618605558192 1.7650642395019531 3
1618605558481 1.5747098922729492 4
1618605558761 1.6195755004882812 5
1618605559047 1.4677855968475342 6
1618605559332 1.4100720882415771 7
1618605559615 1.2179934978485107 8
1618605559888 0.9357322454452515 9
1618605562131 1.9468638896942139 0
1618605562771 3.585557699203491 1
1618605563040 2.970938205718994 2
1618605563331 2.009303569793701 3
1618605563615 1.7295403480529785 4
1618605563886 1.3286224603652954 5
1618605564165 1.10032320022583 6
1618605564470 0.9806901216506958 7
1618605566739 1.897458791732788 0
1618605567028 3.7864623069763184 1
1618605567320 2.476177215576172 2
1618605567613 1.6390888690948486 3
1618605567899 1.5746753215789795 4
1618605568173 1.4778780937194824 5
1618605568455 1.4352246522903442 6
1618605568738 1.2043671607971191 7
1618605569025 1.0040857791900635 8
1618605571281 2.080934524536133 0
1618605571572 2.7371742725372314 1
1618605571853 2.0939788818359375 2
1618605572131 1.657270073890686 3
1618605572406 1.5903035402297974 4
1618605572676 1.4486607313156128 5
1618605572972 1.3354551792144775 6
1618605573301 1.0191454887390137 7
1618605573675 0.6524181962013245 8
1618605576393 2.0130257606506348 0
1618605576669 2.6703414916992188 1
1618605576987 2.4065041542053223 2
1618605577349 2.4093403816223145 3
1618605577731 2.2960376739501953 4
1618605578078 2.11946439743042 5
1618605578416 1.9069219827651978 6
1618605578733 1.7094426155090332 7
1618605579348 1.6085760593414307 8
1618605579635 1.568086862564087 9
1618605581800 2.2578954696655273 0
1618605582070 2.0256617069244385 1
1618605582376 2.002126693725586 2
1618605582700 1.8455924987792969 3
1618605583025 1.6768850088119507 4
1618605583345 1.590954065322876 5
1618605583671 1.5693503618240356 6
1618605583976 1.557627558708191 7
1618605584296 1.50690495967865 8
1618605584648 1.4304907321929932 9
1618605586842 1.976742148399353 0
1618605587113 3.0746376514434814 1
1618605587426 2.2288694381713867 2
1618605587738 2.288633108139038 3
1618605588046 2.1164793968200684 4
1618605588391 1.8921958208084106 5
1618605588716 1.6862940788269043 6
1618605589039 1.5094319581985474 7
1618605589359 1.3886332511901855 8
1618605589679 1.3244905471801758 9
1618605591885 1.8441905975341797 0
1618605592153 1.7242424488067627 1
1618605592459 1.6330584287643433 2
1618605592772 1.5562599897384644 3
1618605593093 1.499626636505127 4
1618605593414 1.404872179031372 5
1618605593737 1.2967455387115479 6
1618605594054 1.1668734550476074 7
1618605594378 1.0367741584777832 8
1618605594699 0.8794965744018555 9
1618605596924 1.892038345336914 0
1618605597196 2.6554627418518066 1
1618605597512 2.42694354057312 2
1618605597815 2.2671332359313965 3
1618605598117 2.096975803375244 4
1618605598447 1.829900860786438 5
1618605598785 1.5597822666168213 6
1618605599100 1.3359146118164062 7
1618605599413 1.2112319469451904 8
1618605599731 1.1149977445602417 9
1618605602399 1.768629550933838 0
1618605602675 1.9737181663513184 1
1618605603337 1.8655474185943604 2
1618605603625 1.5699450969696045 3
1618605603939 1.5177931785583496 4
1618605604250 1.4410645961761475 5
1618605604598 1.3752033710479736 6
1618605604920 1.1684836149215698 7
1618605605238 1.245818018913269 8
1618605607582 1.802943468093872 0
1618605607858 1.8186067342758179 1
1618605608149 1.6572338342666626 2
1618605608499 1.656604290008545 3
1618605608859 1.6673228740692139 4
1618605609195 1.4412118196487427 5
1618605609566 1.5376241207122803 6
1618605609901 1.4561376571655273 7
1618605610237 1.3547582626342773 8
1618605610604 1.2268669605255127 9
1618605612995 1.7793349027633667 0
1618605613308 1.6982558965682983 1
1618605613683 1.7179970741271973 2
1618605614029 1.5307965278625488 3
1618605614384 1.5218185186386108 4
1618605614730 1.331892490386963 5
1618605615084 1.3532509803771973 6
1618605615450 1.2537345886230469 7
1618605615799 1.0396474599838257 8
1618605616150 0.842314600944519 9
1618605618562 1.7817472219467163 0
1618605618883 1.653588056564331 1
1618605619221 1.7377758026123047 2
1618605619584 1.4942716360092163 3
1618605619941 1.4174400568008423 4
1618605620287 1.3304808139801025 5
1618605620645 1.193035364151001 6
1618605620985 1.0243360996246338 7
1618605621327 0.8413630127906799 8
1618605621697 0.6909921169281006 9
1618605624076 1.90419340133667 0
1618605624409 2.2299609184265137 1
1618605625155 2.1521992683410645 2
1618605625460 2.3736770153045654 3
1618605625804 2.386636734008789 4
1618605626146 1.6843559741973877 5
1618605626511 1.3948333263397217 6
1618605626874 1.3454022407531738 7
1618605627252 1.286989688873291 8
1618605629236 1.7561079263687134 0
